-57
-66
-69
-54
-52
-51
-52
-55
-55
-75
-95
-91
-73
-68
-70
-58
-57
-68
-61
-68
-86
-107
-107
-94
-89
-94
-94
-86
-73
-71
-75
-84
-97
-86
-86
-84
-93
-97
-85
-92
-96
-101
-94
-84
-71
-71
-77
-81
-80
-76
-83
-91
-88
-73
-73
-68
-64
-67
-74
-68
-57
-46
-52
-58
-49
-52
-48
-49
-63
-61
-49
-48
-48
-33
-30
-38
-32
-31
-47
-40
-24
-17
-18
-20
-23
-32
-38
-30
-35
-29
-18
-16
-20
-30
-29
-19
-22
-32
-27
-25
-27
-46
-42
-31
-25
-7
12
15
-2
-22
-18
-13
-17
-19
-27
-30
-24
-15
-7
-9
-2
8
14
27
19
15
19
18
20
29
25
21
15
0
-6
-25
-43
-22
-15
-36
-30
-18
-25
-36
-33
-16
-13
-25
-46
-46
-35
-46
-30
-22
-26
-36
-42
-27
-28
-45
-59
-69
-69
-65
-73
-68
-62
-59
-63
-60
-58
-65
-76
-72
-62
-65
-61
-58
-43
-31
-33
-41
-55
-59
-61
-67
-73
-84
-83
-87
-94
-84
-79
-87
-99
-98
-79
-65
-84
-108
-111
-113
-107
-110
-108
-95
-98
-111
-119
-117
-97
-69
-54
-57
-77
-97
-100
-87
-83
-74
-60
-57
-67
-77
-71
-70
-78
-87
-93
-98
-96
-96
-98
-96
-87
-90
-94
-79
-71
-72
-81
-77
-75
-70
-54
-38
-39
-49
-63
-85
-91
-85
-74
-69
-71
-78
-83
-73
-65
-69
-67
-67
-65
-67
-63
-58
-44
-35
-43
-46
-38
-32
-30
-31
-27
-22
-13
0
-10
-1
9
10
14
8
6
14
13
20
28
25
24
41
38
21
27
12
11
11
1
8
6
7
2
-11
-29
-21
-4
-16
-35
-36
-21
-20
-15
-11
-15
-11
-11
-13
-8
5
1
9
24
18
4
-1
1
8
2
-26
-46
-60
-62
-61
-56
-46
-30
-16
0
7
-10
-13
-2
3
-2
-17
-34
-33
-40
-32
-20
-5
12
11
9
-7
-7
-4
3
2
8
39
42
48
37
22
16
9
-2
-13
-6
8
17
11
-6
-17
-23
-37
-42
-60
-68
-54
-48
-47
-49
-45
-44
-43
-49
-50
-55
-59
-50
-46
-48
-46
-51
-64
-69
-74
-75
-57
-38
-39
-41
-47
-51
-54
-49
-34
-25
-37
-38
-15
-8
-33
-39
-18
-14
-7
-5
-8
-6
-20
-22
-6
3
9
1
-9
-17
-34
-43
-50
-54
-50
-39
-18
-5
3
-12
-20
-17
-19
-23
-20
-25
-28
-26
-40
-52
-60
-61
-53
-46
-31
-13
-15
-22
-23
-29
-30
-33
-26
-25
-18
0
6
10
18
17
12
14
17
22
21
16
31
39
32
32
19
14
5
-13
-31
-33
-24
-24
-2
10
5
-3
-15
-14
-25
-27
-21
-38
-46
-34
-10
13
20
11
-1
-9
-6
-7
-17
-20
-19
-26
-29
-37
-37
-42
-41
-31
-29
-15
-20
-34
-49
-66
-75
-72
-80
-88
-86
-83
-80
-80
-59
-50
-45
-40
-49
-58
-63
-60
-71
-49
-24
-10
7
2
-4
-14
-29
-46
-65
-72
-58
-48
-48
-57
-48
-35
-20
15
26
21
17
3
-16
-27
-24
-22
-4
6
6
15
29
29
42
52
50
48
32
18
18
21
15
7
5
6
-3
-7
-21
-28
-12
12
33
32
31
13
-23
-32
-42
-55
-60
-51
-45
-36
-25
-27
-34
-39
-36
-48
-56
-60
-64
-53
-42
-46
-47
-31
-29
-22
-20
-21
-25
-35
-22
0
-1
0
-3
-1
9
10
2
-6
-13
-8
-14
-10
5
19
23
4
5
14
5
-11
-6
1
1
5
11
22
23
18
18
18
13
20
35
42
56
40
30
31
20
23
39
43
31
21
12
10
-1
5
17
21
38
40
10
-9
-15
-22
-37
-57
-54
-42
-25
-17
-13
-1
9
24
30
20
2
-15
-3
-2
-2
-6
-13
-8
-8
-9
-6
-15
-22
-14
7
4
-1
-2
-7
3
11
18
22
10
-2
1
7
-1
-8
-4
-4
2
-12
-25
-24
-14
-13
-20
-20
-12
3
9
20
22
9
4
3
8
18
27
32
38
41
40
32
18
17
7
11
20
14
1
-7
-3
10
11
-5
4
9
17
21
30
37
22
10
9
15
11
4
30
51
66
61
44
35
37
41
40
36
14
-1
-3
-1
10
13
8
6
13
9
-8
-4
-3
-4
-5
-2
7
29
23
21
24
30
23
12
17
24
31
22
15
13
27
21
23
29
33
35
22
3
8
8
-8
0
-6
-9
-4
4
16
28
21
7
-5
0
15
36
47
34
36
33
17
4
-10
-4
-5
-11
-7
-10
-15
-17
-16
-12
-11
-11
-6
6
14
22
28
17
0
7
22
21
22
22
25
40
66
64
54
43
43
48
45
33
20
22
19
9
10
15
20
23
24
30
15
4
-12
-33
-37
-43
-60
-64
-66
-63
-52
-56
-59
-51
-43
-34
-32
-45
-40
-41
-44
-34
-40
-51
-54
-49
-49
-55
-38
-16
-20
-23
-15
-25
-39
-47
-46
-52
-58
-52
-60
-49
-47
-35
-36
-39
-60
-74
-76
-71
-63
-57
-59
-61
-46
-42
-33
-38
-45
-35
-35
-48
-52
-71
-81
-76
-79
-74
-66
-60
-45
-42
-38
-18
-30
-36
-38
-36
-48
-48
-36
-36
-38
-51
-55
-52
-43
-49
-49
-51
-54
-46
-50
-51
-67
-68
-67
-69
-64
-65
-57
-54
-68
-61
-57
-62
-62
-73
-76
-76
-65
-58
-52
-45
-47
-52
-36
-36
-45
-36
-23
-24
-40
-47
-39
-30
-42
-62
-69
-51
-37
-25
-31
-45
-38
-34
-28
-34
-34
-51
-63
-58
-62
-49
-48
-53
-56
-58
-62
-72
-86
-97
-76
-62
-57
-49
-44
-54
-58
-56
-73
-89
-99
-94
-94
-82
-88
-95
-104
-120
-120
-120
-111
-127
-125
-117
-115
-95
-82
-77
-76
-87
-100
-87
-84
-79
-78
-76
-87
-89
-66
-65
-58
-43
-28
-26
-40
-43
-45
-49
-61
-71
-78
-79
-85
-96
-101
-116
-129
-135
-144
-143
-131
-121
-111
-117
-125
-112
-104
-102
-98
-100
-103
-108
-108
-98
-101
-99
-103
-99
-81
-69
-71
-75
-88
-109
-119
-118
-110
-119
-118
-111
-103
-97
-94
-103
-107
-104
-109
-116
-110
-107
-108
-115
-112
-93
-72
-50
-51
-52
-48
-56
-61
-59
-63
-61
-53
-64
-79
-70
-58
-59
-47
-43
-57
-74
-74
-65
-65
-69
-71
-73
-71
-64
-58
-50
-50
-35
-34
-33
-32
-45
-43
-46
-51
-53
-50
-58
-62
-51
-39
-40
-25
-32
-47
-63
-62
-67
-74
-53
-64
-73
-74
-66
-68
-75
-80
-76
-87
-71
-62
-50
-47
-50
-49
-56
-54
-47
-46
-47
-42
-42
-34
-32
-28
-23
-37
-55
-75
-77
-62
-51
-56
-69
-64
-71
-73
-83
-94
-101
-99
-89
-84
-89
-94
-91
-103
-108
-109
-109
-92
-71
-60
-47
-30
-35
-38
-35
-46
-67
-83
-90
-96
-96
-82
-72
-74
-87
-86
-78
-63
-54
-50
-49
-53
-47
-40
-52
-66
-58
-56
-69
-82
-94
-97
-97
-106
-107
-110
-109
-102
-88
-78
-94
-97
-93
-81
-75
-69
-62
-68
-68
-58
-63
-87
-80
-68
-55
-51
-40
-36
-44
-65
-64
-39
-22
-33
-49
-55
-51
-49
-52
-51
-46
-24
-35
-26
-9
-18
-26
-30
-21
-21
-26
-28
-32
-42
-49
-54
-54
-54
-53
-68
-78
-98
-111
-100
-92
-78
-76
-76
-70
-76
-77
-74
-90
-87
-71
-64
-71
-69
-68
-56
-47
-35
-40
-51
-64
-69
-73
-68
-66
-69
-59
-63
-64
-65
-67
-69
-47
-47
-46
-48
-63
-70
-65
-62
-61
-54
-39
-33
-31
-11
5
8
25
21
19
33
38
32
12
9
22
22
8
20
19
28
38
31
28
37
39
51
61
60
64
55
41
27
26
29
41
36
36
30
11
14
30
36
38
38
24
19
12
22
39
36
7
-12
-21
-20
-24
-41
-47
-42
-36
-37
-33
-41
-58
-56
-43
-41
-51
-47
-55
-60
-60
-62
-52
-50
-37
-24
-30
-32
-46
-54
-64
-70
-71
-76
-95
-108
-104
-98
-81
-90
-89
-78
-71
-69
-77
-83
-93
-102
-97
-71
-57
-63
-58
-53
-48
-47
-42
-43
-60
-56
-41
-39
-31
-24
-11
13
18
15
7
-2
-10
-23
-12
13
22
29
41
44
45
56
56
53
47
36
29
25
24
16
3
-2
-9
-17
-26
-38
-33
-38
-55
-59
-47
-33
-21
-17
-17
-23
-20
-14
-23
-35
-39
-42
-43
-49
-48
-55
-60
-57
-53
-60
-69
-57
-58
-57
-56
-43
-38
-34
-34
-47
-51
-63
-83
-84
-81
-80
-68
-76
-91
-96
-103
-105
-99
-96
-104
-110
-112
-94
-77
-88
-98
-94
-94
-99
-105
-108
-124
-141
-106
-93
-87
-73
-73
-85
-80
-72
-82
-70
-67
-66
-53
-34
-30
-30
-33
-42
-44
-60
-59
-52
-71
-84
-75
-65
-86
-92
-91
-87
-84
-83
-76
-99
-101
-84
-68
-67
-80
-76
-80
-87
-81
-82
-77
-81
-78
-72
-91
-79
-68
-74
-90
-98
-80
-64
-43
-26
-29
-25
-19
-30
-52
-56
-53
-40
-28
-43
-63
-75
-79
-95
-105
-97
-100
-112
-107
-93
-99
-92
-93
-83
-64
-68
-68
-62
-55
-52
-58
-50
-60
-53
-44
-43
-35
-37
-38
-54
-44
-47
-59
-65
-72
-73
-83
-90
-74
-63
-46
-34
-50
-59
-58
-55
-46
-43
-35
-46
-67
-69
-67
-68
-74
-61
-32
-20
-38
-56
-68
-66
-59
-58
-57
-55
-55
-67
-62
-56
-58
-59
-51
-45
-45
-52
-53
-54
-45
-51
-52
-70
-94
-91
-89
-77
-65
-63
-84
-99
-97
-114
-122
-116
-117
-113
-97
-80
-76
-66
-65
-69
-63
-62
-64
-61
-80
-86
-90
-94
-82
-80
-80
-69
-60
-68
-85
-85
-77
-74
-61
-75
-76
-72
-69
-73
-81
-70
-69
-57
-53
-50
-42
-37
-36
-35
-23
-10
-1
12
14
10
21
20
2
-12
-11
-8
-8
-10
-16
-42
-53
-57
-54
-58
-61
-66
-69
-72
-60
-48
-59
-66
-72
-72
-78
-85
-93
-103
-108
-102
-106
-94
-80
-84
-76
-64
-71
-73
-74
-70
-67
-80
-94
-92
-71
-58
-59
-48
-46
-57
-65
-63
-65
-73
-81
-60
-42
-58
-66
-62
-47
-47
-37
-53
-73
-86
-91
-109
-114
-96
-80
-77
-86
-65
-54
-53
-72
-83
-75
-101
-127
-130
-128
-110
-119
-126
-99
-83
-79
-74
-72
-59
-63
-51
-30
-28
-17
-18
-22
-31
-26
-15
-7
-15
-18
-19
-22
-17
-9
-17
-13
-13
-8
-5
-12
-28
-42
-37
-43
-51
-56
-63
-72
-53
-47
-54
-58
-55
-37
-52
-54
-52
-55
-42
-54
-52
-30
-41
-59
-56
-57
-78
-77
-75
-71
-62
-46
-55
-62
-65
-65
-44
-26
-17
-26
-42
-60
-63
-65
-77
-83
-83
-77
-71
-76
-67
-72
-83
-89
-97
-102
-123
-143
-143
-143
-155
-157
-150
-157
-146
-135
-114
-104
-108
-104
-121
-137
-138
-129
-132
-128
-137
-147
-146
-150
-136
-125
-123
-114
-105
-100
-86
-70
-53
-50
-65
-55
-40
-39
-45
-53
-49
-48
-44
-44
-52
-69
-77
-70
-64
-59
-67
-74
-67
-75
-80
-74
-70
-74
-60
-49
-59
-58
-52
-48
-57
-62
-48
-50
-62
-60
-52
-39
-33
-49
-56
-51
-58
-71
-74
-74
-74
-73
-60
-45
-32
-23
-37
-42
-41
-45
-47
-48
-36
-21
-22
-21
-29
-36
-20
-14
-19
-38
-34
-37
-48
-32
-32
-30
-40
-48
-45
-47
-50
-45
-60
-58
-56
-51
-36
-34
-51
-54
-33
-39
-42
-36
-24
-43
-60
-56
-55
-41
-36
-41
-23
-10
-13
-11
-1
14
2
-6
-19
-14
13
23
25
20
14
23
26
31
19
4
-8
-13
-8
-16
-25
-23
-11
-21
-34
-44
-56
-74
-60
-22
-19
-43
-58
-50
-38
-34
-33
-35
-40
-44
-50
-36
-33
-32
-17
-17
-27
-33
-30
-25
-13
-22
-34
-48
-59
-60
-48
-52
-43
-36
-36
-24
-29
-24
-8
-2
-1
1
3
-6
-19
-22
-27
-18
-8
10
16
3
-5
-14
-29
-44
-42
-55
-65
-69
-58
-42
-34
-41
-45
-32
-27
-21
-13
-13
-30
-24
1
11
17
15
18
14
-11
-27
-12
11
13
20
23
17
23
19
11
3
1
6
-10
-11
-9
-1
-1
-2
-4
-25
-31
-23
-21
-19
-21
-48
-63
-60
-56
-50
-45
-41
-32
-14
0
-6
-25
-14
-3
1
-4
-5
7
9
5
-26
-32
-39
-54
-49
-59
-46
-44
-54
-42
-38
-33
-50
-56
-44
-34
-27
-39
-46
-41
-55
-45
-27
-28
-35
-46
-49
-53
-64
-56
-63
-57
-52
-58
-57
-68
-83
-103
-93
-78
-63
-50
-46
-68
-78
-81
-87
-81
-89
-84
-76
-61
-64
-75
-72
-59
-43
-26
-20
-8
6
30
47
68
76
69
78
79
79
87
100
101
98
93
86
91
85
83
84
95
96
84
69
48
48
36
19
8
6
-5
-6
10
13
5
-2
12
12
10
9
8
5
5
2
4
1
-14
0
2
-21
-32
-34
-32
-19
-1
2
-6
-5
6
-2
-2
-14
-18
-12
-18
-20
-24
-26
-28
-34
-38
-35
-41
-41
-44
-57
-67
-58
-44
-47
-49
-43
-41
-42
-52
-61
-68
-67
-75
-95
-93
-91
-80
-80
-83
-83
-80
-78
-64
-47
-19
-16
-5
-8
-12
11
24
46
27
28
36
31
37
50
45
43
46
56
58
56
56
51
57
69
63
47
40
33
24
11
1
-1
8
13
11
2
-1
-18
-39
-33
-24
-28
-38
-54
-44
-45
-45
-39
-41
-21
-32
-37
-40
-55
-47
-54
-58
-56
-57
-65
-68
-64
-73
-72
-66
-56
-50
-52
-49
-52
-50
-39
-52
-67
-69
-67
-66
-72
-68
-50
-23
-7
-8
-28
-50
-60
-71
-90
-75
-57
-48
-38
-30
-18
-29
-19
-11
-3
-21
-38
-25
-9
-9
1
12
27
28
37
46
39
60
53
53
55
71
89
101
122
129
124
122
106
97
95
83
105
125
137
123
111
118
110
95
88
72
70
66
66
50
21
24
11
24
25
20
33
27
20
-1
2
3
-15
-13
-16
-26
-24
-16
-37
-52
-61
-62
-75
-92
-99
-84
-66
-74
-90
-109
-102
-82
-74
-86
-86
-99
-118
-127
-131
-142
-148
-164
-173
-171
-185
-203
-210
-206
-195
-184
-193
-174
-164
-158
-166
-157
-145
-139
-125
-127
-123
-116
-112
-91
-81
-62
-41
-46
-14
-14
-4
6
34
49
35
34
32
33
52
71
89
95
101
109
110
126
109
116
112
104
99
108
130
126
124
109
94
82
89
90
103
103
93
96
83
71
57
52
36
22
7
-1
-6
-9
-8
-13
-27
-40
-53
-63
-65
-67
-78
-76
-67
-75
-90
-105
-99
-109
-82
-66
-50
-55
-62
-65
-65
-70
-75
-74
-84
-99
-114
-100
-97
-89
-106
-99
-114
-111
-117
-107
-114
-126
-162
-183
-191
-192
-182
-181
-158
-180
-182
-205
-181
-181
-151
-139
-113
-118
-102
-81
-50
-22
-13
12
8
32
59
95
106
138
129
150
151
183
182
183
187
204
203
196
206
212
206
191
198
191
210
186
202
184
154
133
129
106
117
104
90
58
33
14
9
15
-4
-5
-26
-28
-52
-60
-81
-62
-81
-87
-112
-107
-112
-109
-97
-80
-66
-71
-80
-92
-81
-83
-74
-86
-52
-70
-61
-90
-77
-96
-105
-121
-119
-131
-149
-156
-149
-132
-155
-169
-212
-206
-236
-207
-235
-219
-251
-247
-248
-223
-216
-179
-161
-153
-135
-119
-68
-55
6
0
40
31
65
95
145
141
151
146
171
179
200
227
223
222
209
231
215
229
196
199
181
194
189
196
189
200
182
165
143
130
128
115
110
94
87
46
43
28
32
15
31
22
31
16
12
1
0
6
4
11
5
14
21
50
59
74
63
71
48
29
5
-6
-15
-10
-42
-58
-64
-89
-118
-158
-176
-217
-223
-230
-226
-239
-241
-283
-274
-288
-273
-298
-302
-286
-314
-326
-329
-290
-271
-268
-269
-241
-216
-173
-142
-106
-130
-123
-99
-61
-31
-10
14
43
83
99
119
121
134
140
163
165
186
182
180
180
184
184
182
180
170
165
156
144
133
129
130
116
108
106
75
72
68
65
60
87
98
94
76
65
73
63
61
73
84
81
81
95
95
90
93
110
97
97
108
106
103
87
48
1
-31
-45
-49
-50
-71
-110
-112
-123
-137
-151
-144
-159
-175
-207
-219
-217
-219
-233
-252
-259
-275
-273
-259
-220
-220
-238
-243
-247
-237
-199
-170
-142
-139
-106
-70
-48
-17
-5
27
42
79
102
120
152
163
168
168
175
179
167
174
171
165
161
150
149
151
141
125
123
106
98
86
100
104
106
116
94
82
84
94
131
141
111
92
93
77
88
97
110
103
91
74
64
64
52
55
33
37
25
23
5
-12
-58
-97
-117
-126
-109
-102
-104
-148
-174
-192
-193
-205
-204
-225
-241
-281
-291
-290
-272
-270
-282
-286
-304
-283
-258
-208
-205
-211
-220
-208
-183
-132
-92
-91
-103
-101
-84
-60
-31
-16
21
34
57
82
101
114
130
124
121
118
131
145
161
150
116
110
103
151
190
202
182
150
130
132
149
157
147
129
123
122
137
142
148
157
165
168
179
171
173
185
176
142
124
133
134
135
121
114
95
118
127
135
114
73
36
3
-1
-2
-8
-46
-75
-105
-121
-145
-136
-130
-141
-187
-235
-257
-253
-223
-222
-247
-282
-294
-289
-255
-220
-208
-216
-226
-219
-201
-156
-94
-70
-104
-124
-118
-93
-28
14
23
7
1
3
13
45
47
39
13
-12
-17
-5
14
25
39
47
38
46
63
76
86
94
74
41
43
75
101
101
90
91
92
106
119
133
154
170
178
175
178
169
180
187
209
208
176
151
145
142
153
169
181
167
144
119
92
112
125
103
47
10
-26
-52
-61
-46
-50
-94
-143
-175
-178
-157
-129
-140
-167
-224
-246
-228
-186
-160
-165
-195
-214
-213
-191
-129
-102
-102
-125
-136
-136
-105
-35
12
19
7
-14
-10
9
51
72
78
65
45
39
47
74
98
103
83
77
49
42
49
55
69
64
51
58
95
136
146
130
107
93
81
83
116
139
142
142
151
174
206
240
263
264
258
224
228
256
297
317
294
246
191
159
149
151
150
123
80
34
-1
-4
0
3
-37
-85
-150
-180
-189
-171
-168
-190
-216
-257
-269
-224
-158
-127
-116
-124
-134
-128
-104
-56
-16
0
-15
-28
-12
29
73
96
98
69
53
48
55
76
72
61
24
-26
-41
-27
-11
-16
-63
-99
-112
-95
-69
-35
-31
-54
-58
-38
-8
27
59
86
101
78
79
109
170
206
223
239
246
281
312
356
381
383
366
336
316
288
264
221
156
104
90
64
16
-16
-51
-46
-97
-141
-179
-192
-189
-226
-259
-297
-296
-301
-296
-281
-235
-177
-122
-83
-53
-26
18
83
106
85
58
67
132
150
173
172
174
188
153
151
130
130
90
20
-24
-55
-56
-111
-168
-200
-207
-212
-249
-285
-309
-308
-301
-271
-262
-268
-253
-241
-206
-149
-98
-87
-78
-49
2
83
138
196
232
260
287
341
423
483
475
475
486
495
478
452
466
438
269
90
-71
-85
-90
-165
-277
-333
-330
-353
-387
-340
-259
-234
-356
-407
-376
-332
-368
-384
-311
-200
-157
-144
-45
78
159
170
158
201
193
145
105
149
253
305
283
227
252
310
318
286
235
179
100
-64
-154
-132
-83
-107
-208
-230
-209
-194
-232
-283
-257
-273
-298
-330
-272
-163
-106
-88
-83
-29
36
81
101
145
213
257
292
292
335
392
463
494
487
505
491
435
337
306
327
213
-4
-237
-328
-321
-399
-485
-506
-447
-444
-534
-490
-239
-50
-62
-200
-176
-101
-88
-146
-114
46
78
-5
12
189
418
435
342
304
328
253
135
121
193
222
122
42
115
209
218
145
105
51
-41
-197
-281
-245
-199
-174
-205
-205
-127
-60
-6
4
14
7
-49
-114
-132
-54
42
72
56
12
22
86
162
275
312
282
196
211
337
414
499
480
503
484
377
381
377
377
84
-242
-485
-485
-516
-687
-678
-676
-594
-656
-670
-374
-126
-11
-204
-134
-79
10
-106
-199
-19
100
119
126
195
373
434
428
453
531
405
186
-21
-14
117
175
131
140
161
222
269
303
391
360
110
-216
-329
-242
-98
-57
-117
-40
29
38
123
193
282
180
-88
-234
-192
-147
-96
-102
-53
118
225
322
444
504
580
610
615
616
595
621
556
560
549
584
700
359
56
-280
-354
-242
-627
-837
-939
-868
-741
-805
-494
-131
108
-85
-201
-35
226
136
-218
-304
-139
51
-64
48
302
525
604
352
509
537
407
159
-206
-126
-104
-84
-126
-150
16
111
223
277
240
234
0
-220
-371
-392
-243
-251
-377
-376
-262
61
148
93
87
-22
-36
-218
-287
-202
-222
-171
-193
-27
293
446
571
512
628
743
787
713
647
528
545
421
498
537
234
43
-394
-376
-401
-738
-767
-1020
-894
-933
-960
-552
-124
170
23
-33
187
455
301
13
-86
121
36
-126
-28
237
564
452
368
648
674
597
221
16
107
15
-140
-250
-215
-38
18
190
299
411
334
55
-35
-186
-78
-148
-352
-435
-467
-277
-112
-32
76
132
114
-70
-162
-187
-162
-201
-301
-276
-126
17
263
415
607
796
850
970
922
746
682
449
518
218
-206
-388
-746
-469
-704
-909
-661
-761
-365
-668
-659
-66
166
356
-83
-160
156
217
-15
-340
-207
93
-56
-215
-129
257
743
517
432
530
459
561
69
-22
44
-67
-118
-379
-303
-31
197
291
263
300
330
295
139
-3
28
2
-217
-338
-410
-197
60
-84
6
30
43
25
-237
-294
-151
-229
-326
-423
-329
14
244
405
594
806
935
970
822
698
673
611
221
-339
-773
-967
-697
-902
-1128
-984
-996
-489
-765
-695
-118
189
340
-182
-229
65
203
-143
-540
-379
-190
-166
-388
-307
173
535
473
467
533
524
592
179
125
16
-173
-290
-548
-508
-266
86
377
421
472
504
710
790
692
676
461
240
30
-134
96
186
205
197
113
186
260
201
158
-9
-174
-301
-404
-300
-72
276
498
733
971
1237
1348
1228
1010
961
552
-186
-848
-1437
-1220
-1429
-1704
-1349
-1268
-531
-668
-520
206
581
729
105
-108
-49
-46
-474
-834
-671
-492
-469
-568
-298
255
654
509
450
490
434
463
58
-17
-119
-295
-478
-701
-587
-328
8
158
199
371
471
672
699
724
832
625
432
148
70
245
81
76
41
20
92
-4
59
250
233
123
-59
-120
38
183
341
490
765
957
1058
1229
1189
1390
1386
711
272
-676
-956
-879
-1631
-1598
-1747
-1424
-735
-1054
-303
429
1101
1187
604
580
678
430
-373
-925
-845
-803
-1032
-1151
-845
46
543
425
734
722
975
914
335
309
-64
-288
-569
-921
-894
-607
-184
34
90
145
504
790
788
667
625
654
429
69
-134
70
185
108
-32
-115
127
141
140
196
106
128
-2
-86
61
258
462
736
849
926
1089
1146
1181
1255
760
378
-271
-886
-814
-1430
-1602
-1654
-1751
-979
-1157
-652
58
558
1076
731
722
848
713
132
-473
-682
-765
-966
-1229
-1105
-592
-5
176
535
759
890
1113
807
733
361
-49
-249
-618
-841
-848
-535
-172
-20
-32
185
743
1017
951
744
633
626
313
-11
-125
-46
29
-206
-332
-222
10
157
150
94
69
87
35
75
157
304
475
693
841
900
965
989
1165
752
285
-370
-683
-678
-1375
-1562
-1812
-1478
-1037
-1357
-751
-109
693
1012
667
786
1043
863
215
-319
-499
-588
-1051
-1434
-1308
-720
-253
-54
392
671
1008
1056
946
1039
714
309
-74
-428
-605
-713
-556
-214
6
32
160
625
990
1115
899
710
771
472
200
-13
-17
227
53
-113
-102
112
295
226
28
-44
17
-23
-84
-18
133
432
701
771
862
949
1092
903
490
-106
-543
-573
-1273
-1601
-1838
-1835
-1076
-1300
-958
-312
205
926
823
836
1132
954
429
-150
-578
-604
-863
-1334
-1472
-1241
-732
-467
-48
314
661
949
800
917
839
530
255
-249
-554
-681
-849
-694
-482
-387
-141
76
467
844
886
945
928
922
824
504
285
174
84
-81
-208
-206
-129
-77
-189
-175
-39
151
270
279
342
484
765
903
993
952
960
714
402
-39
-572
-453
-1084
-1424
-1624
-1984
-1154
-1278
-971
-237
-22
714
780
807
1230
1139
648
225
-253
-494
-788
-1341
-1470
-1299
-1078
-869
-484
-76
288
595
619
886
1018
656
400
37
-319
-392
-684
-675
-528
-658
-520
-259
159
680
765
811
951
894
985
805
579
530
197
61
-94
-161
-90
-204
-287
-345
-222
3
135
239
204
401
708
834
991
1048
1034
775
339
-213
-313
-458
-1220
-1408
-1837
-1573
-1078
-1396
-681
-96
422
932
869
1173
1540
1225
601
259
-78
-248
-734
-1292
-1279
-1069
-795
-601
-191
67
293
483
449
685
628
267
62
-337
-591
-566
-596
-475
-384
-434
-265
84
387
722
802
763
863
787
922
877
616
527
299
272
248
25
-10
-91
-359
-426
-453
-198
138
118
180
311
685
949
1007
1132
910
716
259
-398
-357
-764
-1308
-1465
-2008
-1548
-1217
-1383
-532
-131
473
1016
908
1242
1464
1126
662
319
-38
-218
-660
-1213
-1131
-913
-619
-245
-4
130
396
449
552
745
412
113
-248
-632
-806
-949
-837
-568
-463
-480
-294
77
573
807
732
776
754
780
703
489
384
303
161
108
38
-59
58
-70
-168
-163
-234
46
223
189
238
331
692
937
926
951
628
466
7
-617
-494
-1178
-1444
-1596
-2154
-1380
-1500
-1347
-392
-151
622
866
789
1359
1366
862
541
178
-25
-319
-1027
-1294
-1110
-791
-556
-199
168
378
651
634
804
908
513
164
-267
-753
-1030
-1148
-983
-729
-727
-646
-265
294
749
886
1025
1140
1084
940
679
568
438
112
-99
-173
-266
-297
-293
-356
-277
-258
-180
186
374
430
558
683
984
1114
1064
969
557
223
-443
-722
-817
-1552
-1638
-2044
-1977
-1352
-1625
-946
-210
217
899
877
1069
1517
1257
769
393
36
-181
-617
-1189
-1355
-1106
-852
-536
-105
117
436
723
835
1046
976
565
315
-159
-720
-910
-1042
-881
-793
-936
-766
-247
266
678
875
967
1214
1140
1015
889
626
491
108
-124
-200
-399
-372
-443
-503
-363
-316
-54
282
390
556
712
921
1191
1267
1221
917
557
8
-469
-534
-1207
-1638
-1961
-2287
-1684
-1811
-1521
-596
-117
714
829
989
1610
1604
1163
568
206
16
-428
-1092
-1450
-1246
-970
-776
-371
64
458
738
786
1070
1172
945
559
74
-302
-705
-845
-792
-749
-707
-804
-479
121
414
699
810
934
1109
917
900
834
630
362
-13
14
-69
-188
-242
-406
-280
-274
-247
115
388
498
601
659
969
1269
1237
1158
744
341
-240
-576
-750
-1453
-1706
-2220
-2243
-1756
-1968
-1267
-584
-30
715
711
1117
1670
1540
1075
627
282
25
-489
-1249
-1408
-1212
-1050
-802
-478
-76
464
754
921
1270
1304
1138
767
177
-264
-572
-652
-668
-779
-882
-767
-217
271
624
937
1119
1368
1290
1138
1099
896
656
165
-152
-125
-206
-202
-277
-328
-131
-17
163
439
531
639
724
801
989
1079
1072
674
342
-227
-566
-452
-1216
-1553
-2014
-2376
-1734
-2049
-1740
-971
-524
337
443
693
1447
1622
1357
875
514
393
16
-762
-1286
-1304
-1121
-1033
-836
-569
-153
346
428
761
972
915
846
307
-141
-421
-592
-521
-681
-898
-913
-590
-22
329
547
823
1050
1293
1250
1165
1178
967
635
244
41
15
-93
-151
-284
-268
-90
84
442
699
756
915
1016
1194
1355
1325
965
585
127
-450
-382
-925
-1394
-1513
-2171
-1686
-1636
-1705
-764
-473
130
550
548
1189
1532
1209
887
592
401
191
-442
-954
-953
-910
-913
-790
-555
-310
7
140
349
702
628
481
305
-182
-423
-642
-668
-510
-870
-1050
-862
-385
206
279
438
760
983
1127
1027
1011
1013
742
287
2
-70
-141
-178
-322
-409
-269
-135
222
673
782
989
1160
1284
1578
1415
1304
919
401
-72
-658
-687
-1265
-1642
-1807
-2072
-1413
-1484
-1191
-336
6
637
750
832
1382
1338
813
496
301
134
-206
-948
-1158
-887
-727
-632
-416
-128
163
444
422
699
900
576
328
-125
-573
-659
-848
-757
-738
-1037
-1011
-679
-99
292
393
595
778
964
911
821
863
710
380
27
-146
-179
-209
-316
-428
-328
-249
-107
232
481
731
973
1087
1378
1411
1376
1196
688
378
-384
-570
-862
-1686
-1721
-2280
-1973
-1453
-1841
-994
-430
94
814
673
1132
1669
1310
807
455
242
191
-422
-1182
-1173
-893
-707
-626
-348
40
487
651
563
924
991
675
313
-320
-602
-690
-874
-813
-897
-1050
-852
-452
39
391
477
667
862
841
826
724
675
559
75
-122
-138
-190
-106
-273
-327
-79
0
207
534
659
871
992
1076
1374
1355
1403
1097
668
362
-434
-414
-984
-1763
-1721
-2464
-1976
-1684
-2072
-1005
-582
-15
776
658
1234
1691
1203
901
614
315
128
-586
-1248
-1257
-1020
-937
-737
-360
-125
366
503
586
1038
923
623
263
-286
-529
-636
-826
-868
-948
-1137
-876
-444
-41
373
421
610
799
766
869
744
614
455
-10
-110
-196
-322
-208
-366
-335
-175
-113
248
551
689
880
1071
1314
1564
1492
1461
1284
814
480
-309
-588
-897
-1776
-1788
-2361
-2244
-1632
-2067
-1161
-510
-112
934
877
1269
1783
1359
1189
977
562
270
-388
-1118
-1163
-1009
-977
-794
-569
-347
39
271
466
931
978
652
319
-75
-323
-413
-642
-829
-821
-1053
-943
-555
-240
273
350
452
665
668
819
625
502
415
-5
-102
-280
-410
-258
-451
-437
-355
-363
49
305
543
760
870
1235
1481
1562
1539
1501
1303
929
246
-486
-677
-1262
-1681
-1975
-2469
-1975
-1935
-1807
-897
-431
565
1211
1168
1635
1767
1616
1522
945
406
-51
-802
-1248
-1306
-1265
-1085
-895
-690
-424
49
406
761
1110
878
660
405
4
-45
-332
-578
-547
-780
-814
-665
-449
34
286
287
406
490
598
626
421
308
186
-44
-291
-442
-430
-367
-302
-437
-442
-201
-30
330
497
638
1035
1161
1346
1449
1301
1515
1225
655
163
-804
-903
-1296
-1989
-1953
-2551
-2145
-1776
-1896
-780
-183
666
1370
1195
1568
1877
1773
1473
899
309
-111
-669
-1299
-1394
-1262
-1108
-949
-792
-489
65
551
827
1140
1111
911
733
410
188
14
-226
-344
-423
-695
-673
-416
-58
273
141
212
368
409
494
248
273
277
-64
-255
-449
-391
-226
-307
-385
-298
-235
-103
182
389
664
896
1004
1239
1347
1191
1150
1199
762
346
-478
-1085
-951
-1685
-1913
-2071
-2303
-1463
-1658
-1251
-163
314
1275
1358
1400
1979
1893
1619
1131
569
129
-409
-1038
-1416
-1322
-1269
-1137
-784
-466
50
651
960
1348
1535
1285
1210
1014
534
264
-84
-313
-339
-679
-818
-529
-237
46
227
268
461
626
448
483
455
337
259
-117
-180
-205
-256
-146
-220
-134
-116
-149
29
232
369
490
643
762
1032
1008
907
1054
1083
814
394
-212
-715
-618
-1198
-1660
-1605
-1995
-1267
-1143
-1192
-68
380
1184
1606
1340
1818
2010
1648
1066
423
-64
-319
-867
-1601
-1615
-1394
-1130
-722
-540
-81
644
996
1294
1495
1376
1353
1067
550
201
-187
-327
-442
-713
-836
-770
-401
-22
77
171
251
453
573
396
292
210
141
41
-213
-319
-270
-165
-169
-251
-313
-242
-58
-2
-3
63
292
516
558
530
591
820
837
830
502
107
-72
-762
-791
-1089
-1556
-1271
-1851
-1497
-1046
-1185
-89
241
626
1250
950
1327
1658
1242
895
396
-93
-314
-805
-1339
-1216
-1001
-918
-703
-395
111
736
972
1024
1359
1373
1032
814
373
136
58
-473
-564
-558
-782
-543
-413
-153
245
240
384
549
640
710
625
606
437
201
45
-111
-31
-146
-375
-376
-453
-372
-316
-326
-93
4
133
270
422
761
852
950
1037
837
992
811
397
342
-458
-610
-614
-1345
-1110
-1535
-1561
-856
-1250
-690
-195
-2
782
650
754
1164
987
836
483
159
111
-163
-558
-758
-734
-543
-408
-182
83
324
671
779
897
1005
780
701
503
81
-111
-387
-471
-408
-656
-600
-341
-72
239
203
379
740
778
782
537
349
395
27
-280
-332
-502
-480
-641
-866
-617
-476
-393
-192
-159
-92
52
131
381
682
679
747
879
950
977
903
1000
773
478
-81
-701
-431
-981
-1404
-1443
-1995
-1281
-1407
-1637
-667
-447
235
598
370
1028
1259
922
793
517
343
245
-417
-784
-688
-771
-649
-579
-461
-179
-37
148
401
608
545
408
341
179
70
-84
-186
-87
-170
-263
-132
74
376
395
253
358
351
314
192
-181
-237
-385
-670
-680
-831
-801
-623
-708
-598
-456
-290
47
213
256
345
471
567
674
729
709
867
922
790
806
628
556
715
284
95
-292
-778
-498
-996
-1095
-1010
-1320
-678
-925
-929
-270
-139
522
505
315
726
797
729
511
274
213
119
-332
-668
-570
-479
-338
-354
-405
-240
6
160
315
529
543
593
600
397
391
358
335
358
81
-74
32
86
215
90
-37
67
-31
-131
-253
-338
-306
-467
-651
-665
-533
-410
-236
-102
73
368
409
640
874
813
908
799
612
653
380
211
335
185
277
304
222
586
627
866
874
728
690
152
205
-312
-681
-673
-1514
-1234
-1623
-1886
-1086
-1157
-476
-101
-143
686
917
939
1081
920
816
638
-69
-431
-456
-743
-803
-1016
-946
-636
-478
-190
118
601
782
764
804
726
814
610
355
291
-3
-259
-377
-454
-237
-279
-428
-296
-309
-166
-158
-243
19
-68
-155
-125
-91
160
213
165
305
422
389
282
231
161
201
52
-175
-81
-151
-111
140
243
633
876
996
1274
1334
1372
1344
1276
817
295
-337
-953
-958
-1667
-2061
-2125
-2467
-1807
-1837
-1497
-437
-72
645
905
1080
1802
1827
1562
1214
779
555
136
-604
-969
-1117
-1161
-1199
-1320
-1063
-724
-280
48
218
658
802
913
902
586
615
514
305
143
-321
-495
-340
-324
-254
-287
-366
-151
-69
-115
40
-4
37
-4
-353
-279
-208
-170
-21
-219
-150
10
129
340
325
323
398
465
427
339
300
191
196
127
52
119
125
147
203
226
279
389
447
141
36
-244
-613
-340
-922
-1180
-1124
-1741
-1049
-1120
-1257
-347
-503
208
677
447
1177
1202
1052
999
474
366
234
-294
-760
-1003
-1014
-884
-815
-758
-587
-65
286
523
929
973
1171
1143
737
768
581
388
192
-333
-481
-490
-506
-425
-505
-510
-397
-335
-203
-131
-141
-27
-21
-19
84
121
295
404
313
339
336
348
353
146
-87
-200
-306
-444
-568
-631
-551
-397
-303
-225
60
350
546
753
788
946
1049
834
703
596
482
165
-131
-606
-900
-858
-1373
-1242
-1248
-1473
-909
-1188
-845
-163
-139
563
668
673
1065
889
831
780
521
274
-8
-476
-727
-749
-808
-656
-516
-445
-225
80
357
662
865
830
842
663
361
313
127
10
-125
-467
-463
-391
-298
-98
-50
88
178
136
107
71
17
-107
-303
-463
-509
-539
-606
-542
-430
-281
-94
-12
128
233
203
301
322
257
164
-94
-170
-115
-171
-156
-138
-124
-3
52
141
400
540
571
524
531
591
641
560
211
134
-217
-464
-423
-917
-766
-896
-1158
-728
-1007
-581
-141
-168
392
400
609
971
796
744
567
381
216
-129
-497
-689
-676
-698
-733
-547
-374
-112
249
260
628
895
767
918
570
359
351
-48
-120
-316
-582
-544
-575
-495
-303
-212
-97
14
31
35
49
29
-77
-190
-318
-406
-375
-480
-376
-212
-199
-46
-83
50
216
99
150
75
68
120
-62
-18
43
70
180
151
224
329
342
349
338
352
332
288
231
175
220
285
198
292
270
90
206
-171
-223
-152
-661
-443
-799
-960
-606
-949
-523
-342
-264
271
265
534
796
775
774
602
399
199
-63
-401
-557
-668
-756
-779
-748
-552
-322
-93
108
361
575
681
742
691
719
669
533
439
251
102
39
-71
-102
-137
-311
-327
-400
-524
-521
-663
-628
-585
-672
-539
-395
-228
-8
92
221
433
461
457
432
300
232
6
-244
-400
-529
-573
-596
-500
-358
-179
38
245
531
758
909
1027
1019
905
792
671
520
377
167
8
-91
-185
-277
-233
-211
-235
-180
-403
-333
-280
-536
-349
-580
-566
-376
-722
-383
-329
-246
133
-78
149
295
196
349
222
213
237
40
-46
-38
-22
51
31
29
101
182
278
290
406
395
339
381
225
233
154
35
106
-88
-117
-88
-183
-77
-145
-181
-69
-122
-122
-179
-274
-219
-226
-287
-307
-358
-346
-249
-220
-167
-79
-14
95
165
261
386
460
506
459
363
338
325
279
190
45
21
25
-20
38
10
50
156
130
224
307
270
310
302
194
204
122
37
95
-15
-41
41
92
67
35
-98
-109
92
-180
-211
-266
-461
-184
-491
-475
-185
-260
57
-7
75
422
442
532
468
449
412
297
136
-88
-142
-256
-308
-273
-310
-202
-37
124
365
486
616
838
867
845
715
577
479
207
-61
-335
-463
-525
-678
-699
-644
-475
-261
-136
77
322
490
564
579
510
435
313
147
14
-211
-357
-461
-499
-431
-433
-277
-116
0
167
208
355
463
405
358
282
233
244
214
172
217
208
226
272
278
326
278
234
142
27
-26
-150
-154
-172
-196
-97
-26
113
346
442
469
615
478
456
416
-3
11
-267
-535
-452
-849
-668
-544
-578
-200
-173
130
385
370
505
473
540
482
277
135
-11
-43
-116
-208
-124
-65
-29
110
129
254
333
253
265
123
50
35
-50
-32
-95
-99
-55
5
106
169
258
354
390
324
352
302
251
214
-50
-79
-146
-289
-261
-382
-351
-268
-326
-260
-187
-124
16
76
116
254
298
343
407
368
396
358
247
229
142
96
109
71
92
83
92
164
197
268
336
334
355
292
218
214
114
76
-10
-114
-71
-127
-105
-89
-94
39
-22
-74
-128
-219
-177
-372
-496
-555
-650
-571
-654
-578
-310
-200
52
174
320
651
672
727
735
628
645
394
166
22
-201
-288
-460
-533
-490
-456
-305
-198
-23
148
312
489
553
637
615
602
538
360
272
122
10
-67
-277
-333
-341
-412
-360
-375
-360
-230
-244
-197
-120
-165
-29
3
-33
53
42
104
160
141
161
165
167
133
93
43
-5
-6
-64
-98
-98
-94
-20
-13
18
93
138
233
255
259
290
254
240
186
108
73
-20
-101
-140
-227
-214
-152
-159
-98
-57
-7
127
130
163
190
156
161
24
-87
-186
-302
-409
-595
-604
-617
-584
-483
-446
-219
-35
139
340
421
594
676
672
667
555
482
340
191
62
-49
-88
-124
-109
-119
-109
-23
45
99
99
111
137
93
38
-50
-73
-97
-201
-255
-288
-258
-207
-244
-216
-179
-130
-75
-68
-54
-46
-59
-81
-105
-114
-124
-139
-132
-140
-114
-85
-78
-26
-30
-15
29
58
125
132
134
198
234
250
221
209
204
164
114
59
56
14
-9
1
-17
18
-2
-37
24
-44
-73
-100
-195
-147
-257
-343
-300
-335
-242
-187
-173
7
116
221
332
389
501
547
468
352
264
136
-18
-161
-356
-426
-492
-547
-447
-431
-290
-134
-21
215
329
448
569
590
626
558
495
413
297
147
-51
-137
-261
-350
-419
-480
-412
-401
-379
-294
-220
-96
-14
26
95
140
139
121
86
44
18
-15
-56
-71
-71
-48
-9
44
89
134
177
214
213
182
179
166
159
108
75
87
73
81
37
11
41
-6
-14
-45
-95
-74
-133
-172
-190
-219
-161
-141
-129
-62
-50
35
101
62
85
61
6
-2
-112
-169
-174
-264
-254
-258
-247
-134
-95
-18
76
128
213
237
229
230
203
191
164
127
102
82
91
55
62
29
-19
-19
-143
-176
-254
-316
-284
-398
-342
-275
-233
-50
-6
124
255
273
362
357
334
306
205
94
-11
-105
-198
-239
-282
-307
-249
-187
-130
-10
69
136
255
249
257
269
179
196
166
85
91
1
-37
-37
-87
-82
-74
-68
-57
-29
-24
-6
24
29
44
50
23
14
-1
-40
-61
-85
-108
-86
-63
-27
48
96
174
255
277
338
377
359
340
246
157
98
5
-68
-165
-205
-236
-277
-243
-227
-166
-90
-26
72
134
208
254
273
269
217
204
144
101
72
1
-26
-70
-82
-84
-86
-67
-37
18
31
119
172
191
261
222
240
263
202
171
87
17
-17
-89
-129
-131
-122
-88
-88
-41
50
119
195
204
265
317
294
290
216
187
146
55
27
-39
-89
-92
-133
-111
-95
-71
19
75
126
176
194
243
265
247
236
181
123
48
-41
-105
-150
-182
-203
-194
-158
-99
-42
1
75
128
145
165
156
125
71
13
-42
-60
-100
-118
-71
-65
-6
9
26
98
106
129
123
118
106
52
-8
-48
-55
-100
-88
-72
-68
5
-8
27
81
58
90
57
53
73
27
18
-24
-43
-52
-67
-31
19
49
75
116
146
162
140
132
144
135
122
61
49
29
-20
-23
-53
-28
-5
-23
10
30
57
88
87
115
136
134
138
149
147
131
137
130
107
94
54
21
13
-35
-48
-79
-106
-76
-116
-104
-87
-102
-52
-9
36
102
147
181
217
226
244
250
209
198
146
77
54
-24
-49
-97
-148
-144
-157
-151
-163
-123
-86
-72
-39
-25
31
60
84
119
135
131
125
125
97
62
21
-36
-98
-156
-199
-243
-280
-283
-269
-230
-172
-117
-60
19
75
126
165
157
166
149
141
141
131
125
97
92
63
47
43
15
-8
-26
-44
-75
-135
-177
-195
-185
-159
-118
-97
-62
-6
46
132
176
214
245
226
216
172
99
54
-18
-49
-67
-133
-166
-168
-184
-159
-124
-73
17
54
113
155
165
190
174
156
139
106
61
16
-6
-32
-48
-83
-118
-121
-140
-146
-132
-145
-140
-136
-138
-124
-93
-67
-27
-7
18
66
67
74
85
86
64
15
-24
-65
-103
-127
-158
-185
-180
-181
-173
-140
-111
-60
-26
11
53
73
112
121
101
103
92
76
60
34
20
-5
-53
-81
-123
-170
-169
-197
-175
-143
-114
-26
5
61
129
168
235
240
232
218
162
121
44
-35
-90
-135
-167
-201
-222
-217
-228
-216
-179
-138
-85
-52
-4
39
38
69
84
73
70
18
-20
-36
-58
-60
-69
-100
-98
-100
-121
-93
-99
-99
-96
-110
-101
-86
-72
-61
-49
-63
-54
-40
-42
-29
-22
-25
-3
-13
-22
-7
-22
-21
-30
-65
-81
-105
-119
-97
-115
-112
-99
-122
-86
-76
-81
-63
-55
-13
3
23
36
44
43
24
51
42
40
58
43
50
23
2
28
15
13
8
-1
1
-9
-28
-20
-17
-21
11
9
26
52
43
87
83
55
46
-6
-25
-39
-57
-43
-54
-66
-63
-65
-40
-13
-9
2
-7
-16
-7
-40
-60
-108
-146
-168
-184
-160
-175
-157
-145
-136
-106
-88
-41
-3
3
31
20
7
12
-23
-30
-48
-74
-89
-136
-139
-127
-123
-83
-80
-52
-31
-36
-30
-44
-22
-42
-61
-75
-115
-97
-110
-113
-75
-68
-39
-19
-26
2
12
29
49
23
17
4
-25
-29
-54
-68
-70
-82
-64
-34
-24
0
28
55
81
99
101
81
61
24
-7
-19
-48
-62
-60
-71
-54
-48
-41
-7
-26
-18
-35
-66
-61
-91
-81
-93
-132
-112
-135
-138
-114
-116
-101
-72
-45
-20
1
24
50
56
62
44
33
8
-43
-49
-85
-112
-111
-136
-100
-100
-77
-28
-16
22
29
24
39
31
32
40
13
-12
-13
-31
-42
-56
-85
-74
-83
-80
-67
-50
-29
-15
-3
5
23
20
26
29
-9
-6
4
5
12
-10
-7
-8
-27
-46
-79
-94
-119
-122
-109
-103
-75
-69
-46
-15
1
32
24
9
8
-18
-35
-43
-75
-82
-105
-136
-121
-127
-121
-104
-93
-50
-31
-18
10
3
13
17
17
-3
-40
-69
-115
-115
-112
-129
-113
-109
-112
-84
-61
-13
26
24
69
87
70
70
24
7
-16
-85
-73
-82
-106
-89
-97
-83
-41
-25
11
40
20
5
7
-6
0
-1
-30
-35
-69
-93
-90
-94
-106
-105
-109
-99
-96
-117
-120
-105
-98
-99
-95
-92
-77
-79
-75
-61
-56
-36
-29
-43
-36
-21
-20
-13
-27
-28
-22
-41
-43
-40
-64
-53
-47
-45
-16
-23
-18
2
-4
-2
-8
-22
-26
-28
-42
-43
-53
-67
-78
-86
-94
-90
-81
-80
-76
-77
-71
-58
-54
-49
-44
-58
-63
-72
-81
-85
-87
-82
-64
-52
-53
-51
-70
-63
-67
-85
-80
-63
-41
-15
-10
-7
-16
-43
-65
-92
-94
-105
-120
-112
-117
-120
-109
-84
-75
-69
-70
-68
-76
-81
-106
-121
-128
-144
-138
-154
-157
-152
-151
-140
-138
-146
-131
-123
-94
-75
-88
-97
-100
-101
-113
-104
-98
-90
-96
-111
-126
-125
-136
-144
-136
-121
-88
-81
-72
-46
-42
-37
-36
-63
-84
-108
-127
-129
-154
-152
-144
-148
-138
-139
-133
-130
-126
-99
-76
-62
-50
-43
-40
-49
-59
-51
-51
-51
-66
-90
-81
-82
-89
-88
-89
-83
-72
-80
-74
-55
-42
-16
-5
11
23
29
35
26
20
17
2
-23
-44
-66
-77
-73
-56
-52
-56
-45
-57
-53
-40
-22
-1
18
39
57
60
66
58
27
17
-7
-17
-36
-43
-43
-69
-82
-95
-96
-73
-34
13
35
57
84
82
88
78
61
31
-20
-58
-83
-84
-81
-84
-77
-50
-27
-6
10
36
64
76
71
57
28
2
-39
-77
-94
-107
-107
-109
-93
-59
-36
-3
27
45
57
52
59
49
40
30
7
-13
-28
-45
-63
-72
-57
-56
-64
-27
-6
-6
23
34
51
68
54
62
48
34
19
-4
-8
-24
-28
-21
-24
-34
-24
-15
0
3
5
15
7
-6
-23
-24
-34
-49
-58
-71
-73
-67
-66
-59
-52
-33
-19
-23
-16
-17
-31
-40
-57
-70
-70
-84
-94
-88
-78
-78
-65
-42
-32
-39
-28
-9
1
-10
-18
-14
-38
-38
-29
-29
-23
-38
-31
-30
-41
-15
-4
-5
2
-8
3
-3
-29
-39
-35
-21
-5
-2
4
2
-3
-1
-1
5
-8
-24
-37
-31
-27
-43
-56
-66
-72
-45
-46
-53
-40
-42
-34
-27
-28
-37
-48
-51
-56
-64
-66
-89
-107
-109
-106
-106
-103
-86
-77
-62
-49
-54
-49
-54
-69
-55
-53
-58
-59
-61
-39
-29
-37
-31
-40
-39
-44
-60
-62
-61
-74
-77
-79
-89
-97
-101
-84
-75
-74
-72
-65
-69
-77
-74
-91
-104
-101
-104
-103
-92
-82
-71
-72
-93
-94
-89
-76
-64
-67
-62
-63
-73
-65
-49
-64
-79
-88
-102
-112
-130
-140
-140
-144
-140
-115
-86
-86
-100
-96
-83
-77
-77
-69
-69
-76
-74
-77
-96
-115
-109
-100
-113
-123
-121
-119
-111
-106
-99
-106
-106
-107
-116
-118
-122
-123
-119
-110
-116
-111
-118
-115
-102
-102
-98
-99
-117
-136
-144
-147
-131
-126
-116
-107
-118
-106
-81
-81
-94
-106
-93
-91
-86
-71
-63
-59
-61
-75
-94
-91
-117
-145
-151
-144
-126
-120
-122
-106
-93
-102
-107
-117
-105
-102
-109
-116
-122
-120
-140
-145
-146
-136
-154
-153
-140
-142
-152
-138
-130
-145
-135
-126
-125
-116
-122
-133
-136
-146
-146
-145
-147
-152
-162
-161
-158
-172
-172
-170
-169
-162
-154
-146
-164
-169
-166
-158
-153
-173
-181
-185
-202
-215
-220
-233
-242
-236
-212
-215
-214
-206
-204
-192
-187
-187
-189
-190
-179
-166
-170
-188
-188
-192
-193
-200
-186
-174
-177
-172
-163
-151
-145
-153
-158
-159
-158
-146
-147
-145
-160
-169
-172
-173
-170
-178
-180
-196
-210
-219
-214
-193
-175
-174
-189
-205
-205
-204
-192
-196
-203
-187
-190
-207
-198
-184
-190
-207
-196
-173
-168
-176
-178
-184
-205
-200
-187
-177
-181
-186
-184
-183
-189
-186
-189
-199
-187
-191
-184
-184
-183
-180
-167
-142
-138
-136
-135
-144
-146
-145
-157
-179
-184
-186
-195
-181
-186
-194
-188
-174
-153
-140
-135
-128
-127
-124
-127
-130
-117
-103
-85
-92
-91
-99
-114
-125
-128
-133
-129
-113
-118
-123
-118
-112
-121
-137
-159
-170
-181
-179
-189
-195
-197
-196
-198
-204
-206
-212
-199
-185
-183
-187
-184
-183
-173
-155
-158
-165
-161
-143
-134
-135
-140
-131
-126
-141
-140
-155
-160
-145
-125
-142
-144
-121
-116
-113
-127
-142
-148
-151
-157
-154
-145
-145
-152
-135
-117
-113
-99
-98
-96
-89
-88
-85
-89
-84
-86
-96
-94
-88
-86
-87
-78
-80
-67
-52
-44
-43
-38
-40
-40
-22
-13
-6
-4
-21
-30
-35
-53
-62
-68
-81
-86
-84
-81
-73
-62
-55
-60
-62
-49
-54
-68
-89
-78
-67
-67
-66
-80
-103
-109
-113
-103
-87
-76
-72
-79
-65
-71
-78
-70
-63
-52
-41
-45
-47
-42
-51
-47
-47
-58
-58
-67
-73
-71
-55
-49
-37
-42
-55
-54
-55
-37
-18
-1
-1
-5
-8
-4
2
-2
-7
-20
-26
-30
-39
-58
-55
-46
-42
-36
-40
-48
-58
-58
-56
-61
-56
-37
-29
-36
-42
-47
-68
-78
-76
-62
-38
-41
-50
-47
-41
-38
-34
-31
-35
-54
-64
-68
-79
-89
-79
-68
-62
-56
-46
-36
-26
-22
-35
-38
-44
-45
-39
-43
-30
-20
-16
-19
-24
-32
-34
-31
-32
-38
-20
-9
-11
-4
-19
-30
-33
-26
-23
-22
-25
-32
-31
-24
-14
-29
-49
-33
-32
-51
-67
-85
-98
-116
-124
-130
-138
-141
-130
-118
-105
-103
-89
-81
-79
-84
-93
-88
-88
-98
-99
-81
-81
-72
-67
-71
-62
-53
-35
-35
-36
-31
-28
-34
-46
-41
-36
-32
-35
-25
-20
-26
-33
-45
-56
-69
-65
-55
-57
-66
-71
-74
-61
-62
-59
-57
-43
-36
-33
-48
-73
-63
-52
-29
-17
-24
-24
-26
-39
-62
-61
-57
-60
-61
-71
-91
-96
-96
-98
-67
-68
-89
-85
-88
-86
-65
-45
-59
-64
-71
-82
-85
-86
-78
-83
-97
-105
-119
-118
-111
-102
-105
-106
-101
-97
-88
-82
-100
-110
-111
-115
-106
-109
-114
-112
-107
-120
-127
-120
-102
-75
-71
-73
-69
-75
-66
-68
-70
-59
-61
-49
-48
-49
-51
-61
-67
-81
-89
-80
-80
-75
-76
-79
-88
-87
-80
-95
-89
-81
-92
-94
-87
-82
-84
-92
-79
-65
-65
-76
-85
-83
-77
-94
-99
-100
-94
-92
-84
-69
-65
-46
-37
-37
-58
-67
-64
-70
-76
-91
-87
-71
-61
-59
-59
-66
-56
-48
-63
-59
-67
-76
-74
-62
-54
-51
-46
-46
-51
-34
-15
-12
6
12
-3
-14
-13
-14
-18
-24
-16
-17
-15
-13
-21
-21
-24
-36
-50
-50
-53
-55
-50
-54
-71
-69
-56
-47
-48
-35
-33
-20
-18
-35
-47
-48
-41
-17
-3
0
3
-2
-13
-5
5
-4
-18
-22
-23
-42
-50
-39
-44
-54
-35
-23
-35
-46
-38
-25
-29
-30
-28
-38
-43
-38
-36
-46
-55
-57
-63
-64
-47
-38
-49
-55
-55
-45
-37
-48
-59
-64
-49
-49
-41
-45
-61
-56
-53
-41
-40
-49
-40
-43
-40
-33
-49
-52
-50
-60
-48
-34
-18
-10
-13
-14
-10
-5
-4
10
15
19
12
2
-2
-1
-6
0
10
15
7
-5
-2
-1
-7
-9
4
18
31
37
34
22
20
13
-6
-14
-25
-22
-18
-28
-28
-25
-16
-10
-25
-43
-44
-38
-51
-57
-57
-50
-44
-37
-18
4
26
39
56
60
42
6
-14
-30
-32
-33
-32
-30
-33
-21
-11
-15
-26
-31
-38
-35
-37
-37
-39
-50
-59
-55
-62
-67
-71
-72
-68
-74
-64
-57
-59
-72
-86
-85
-64
-59
-61
-52
-34
-9
-3
-10
-20
-20
-17
-11
-3
0
9
2
-18
-25
-11
-7
-12
-18
-27
-24
-31
-39
-31
-31
-21
-3
-6
-11
-3
8
2
-12
-22
-24
-25
-27
-50
-68
-79
-86
-84
-90
-87
-80
-87
-92
-87
-82
-86
-88
-75
-61
-56
-45
-48
-42
-35
-39
-37
-31
-26
-42
-47
-66
-73
-69
-71
-63
-57
-64
-69
-49
-41
-34
-32
-34
-34
-31
-44
-58
-52
-49
-67
-73
-67
-56
-52
-45
-32
-39
-20
-13
-21
-36
-60
-70
-67
-53
-32
-37
-58
-50
-39
-46
-58
-65
-62
-32
-7
6
17
26
20
8
4
3
9
0
10
5
-10
-22
-13
8
19
-4
-18
-9
-8
-11
-9
-9
-1
-4
-11
2
9
-3
-20
-33
-58
-70
-83
-99
-95
-81
-72
-56
-44
-46
-52
-48
-44
-44
-68
-90
-79
-78
-85
-63
-42
-34
-19
-33
-51
-47
-44
-46
-39
-39
-41
-35
-46
-55
-49
-52
-46
-42
-44
-44
-52
-46
-66
-69
-61
-67
-58
-59
-48
-54
-46
-58
-54
-51
