36
57
58
44
55
25
71
113
87
82
78
78
61
73
62
32
55
56
61
74
75
77
41
56
78
35
18
19
23
-16
-6
55
41
60
68
59
54
36
53
33
24
46
41
52
83
96
66
53
51
24
29
22
12
33
59
74
70
83
97
55
64
82
55
5
17
47
14
42
73
48
54
55
44
35
39
28
-2
10
20
21
13
39
39
-8
9
34
16
1
-11
-27
-28
-23
-17
-22
18
49
43
38
26
-8
-28
6
24
27
74
90
84
88
88
64
24
54
67
66
94
113
115
104
116
134
119
127
133
116
106
116
132
122
142
147
148
163
135
116
114
127
130
107
131
151
146
167
166
156
143
151
175
148
154
152
150
145
130
118
122
153
159
155
157
143
125
114
122
115
105
132
130
110
110
86
73
48
43
49
24
25
19
24
20
7
-1
-11
-18
-22
-15
-5
-1
-17
-10
-14
-18
-12
11
-1
-11
-3
-19
-11
-13
-3
12
21
43
9
-26
-21
-37
-49
-23
-15
-18
-24
-29
-47
-82
-118
-130
-105
-101
-114
-126
-108
-108
-124
-127
-124
-116
-124
-107
-98
-113
-125
-112
-118
-108
-93
-109
-122
-136
-136
-158
-196
-204
-188
-179
-144
-135
-144
-153
-199
-225
-222
-203
-215
-244
-250
-244
-256
-258
-271
-271
-232
-215
-213
-231
-231
-241
-285
-282
-245
-234
-239
-210
-191
-188
-195
-212
-210
-218
-199
-203
-218
-188
-171
-190
-197
-184
-175
-172
-166
-147
-139
-136
-166
-190
-179
-138
-117
-117
-91
-73
-88
-123
-123
-122
-124
-91
-63
-40
-32
-56
-73
-53
-39
-31
-36
0
32
12
10
12
38
62
86
88
83
93
76
40
42
50
68
85
98
127
141
135
105
97
111
113
120
108
123
133
110
112
127
159
159
148
167
180
149
122
128
153
189
186
188
218
221
170
144
139
146
138
127
144
145
134
123
131
123
119
83
50
50
43
18
-1
-5
16
53
69
87
90
109
105
69
49
60
84
86
112
126
115
85
50
52
56
32
-3
-4
-7
-12
-12
2
20
28
27
15
40
23
1
-6
7
21
7
-3
13
28
23
18
-15
-35
-39
-26
-30
-21
-30
-61
-60
-67
-49
-40
-36
-51
-71
-56
-86
-119
-99
-55
-37
-23
27
48
27
21
2
-13
-8
-8
-1
4
24
24
11
11
19
29
15
-4
-11
-17
-27
-50
-55
-39
-29
-8
12
14
5
-14
-49
-61
-40
-37
-31
-18
0
38
39
15
10
-1
2
-1
0
-14
-28
-31
-14
-4
-23
2
4
-1
11
-5
-28
-35
-19
-9
-10
6
25
30
34
36
31
5
-7
-3
7
22
27
19
30
53
41
53
77
76
93
96
54
23
1
9
18
29
71
72
53
46
41
20
3
21
41
52
55
42
35
18
11
3
2
22
29
28
18
27
14
-8
16
57
94
79
44
51
31
11
-1
2
22
49
83
109
119
79
50
61
45
45
55
26
32
43
49
39
-5
3
19
16
13
33
40
7
12
-8
-9
11
9
32
54
74
54
17
27
46
52
47
78
120
101
82
74
78
74
51
62
77
86
86
60
52
62
72
64
71
103
104
99
59
40
40
23
27
52
75
87
85
75
81
79
55
53
83
72
58
47
54
71
74
78
68
66
80
70
56
63
62
45
19
42
72
70
69
76
79
47
41
58
50
56
67
66
73
91
72
62
84
90
98
81
73
66
57
54
45
75
113
116
118
102
114
135
105
89
101
118
108
114
125
123
123
109
110
120
123
107
94
108
113
89
99
65
45
74
63
82
99
76
51
14
-15
-16
-22
-16
-11
10
7
-12
-14
-33
-31
-11
4
16
26
4
-11
11
21
28
21
11
30
14
9
-8
-9
17
14
28
40
38
37
36
33
25
16
9
4
15
11
8
21
38
43
18
-2
-30
-23
-19
-19
6
-21
-27
-30
-56
-33
-22
-25
-8
-6
-7
-15
-21
-32
-35
-33
-22
-11
-13
0
-18
-30
8
24
15
12
17
47
34
12
-5
-17
-8
-10
15
3
-24
-30
-43
-43
-45
-47
-55
-50
-21
-30
-20
-14
-44
-48
-57
-53
-34
-28
-20
-15
-6
-21
-50
-45
-40
-50
-65
-45
-28
-56
-52
-35
-13
-8
5
38
47
38
41
28
16
21
30
27
52
73
44
45
40
35
27
23
41
26
10
6
-9
0
5
2
17
26
17
6
7
5
4
-4
2
23
22
42
49
28
41
41
41
7
-19
-4
-13
-12
-12
-24
-29
-41
-30
-17
-26
-25
-15
-1
-11
-15
-8
-25
-18
-6
5
15
10
-1
-7
13
40
52
70
84
66
45
54
67
62
67
75
76
65
42
36
33
43
34
4
12
33
28
28
55
57
50
70
95
93
70
55
58
62
76
77
87
108
97
87
99
99
75
80
85
80
66
51
55
84
92
70
60
56
61
49
33
50
82
80
81
119
139
142
128
124
144
142
115
106
114
120
125
123
109
101
97
69
62
91
83
53
60
76
60
34
44
53
54
69
80
76
68
67
50
68
81
34
44
86
92
72
69
81
61
41
40
39
35
62
85
95
112
101
88
102
124
111
97
97
112
108
124
140
142
152
166
158
129
121
86
71
95
96
96
119
110
91
105
94
68
76
81
67
69
72
66
46
62
91
83
75
78
80
95
101
90
105
118
86
82
134
142
110
105
125
105
75
56
44
34
52
58
63
76
97
102
97
130
125
109
144
162
155
164
156
160
178
182
164
154
167
162
155
163
174
171
180
213
200
202
206
186
185
177
172
161
141
139
159
196
205
222
239
230
217
200
194
168
169
192
193
210
202
191
188
179
174
160
158
178
173
155
149
153
158
184
197
186
191
188
182
167
169
169
151
161
174
142
155
161
138
138
166
159
105
109
103
106
117
120
128
125
134
148
144
139
128
131
142
145
137
132
152
152
158
166
168
164
150
158
183
189
194
187
187
196
190
182
181
200
199
182
197
182
156
145
159
177
189
213
223
217
177
151
133
105
130
149
151
170
173
170
156
167
174
171
209
202
184
178
165
149
138
180
176
161
175
166
155
158
169
155
162
200
209
234
255
250
233
192
207
208
171
188
191
192
215
228
217
226
234
222
236
249
226
197
175
155
123
144
162
159
181
182
177
175
157
129
114
152
173
182
212
199
181
148
109
128
164
167
173
205
207
204
234
223
224
252
279
295
251
212
203
190
189
184
200
218
210
203
182
184
158
139
154
148
137
131
150
126
100
113
115
123
148
170
142
138
166
132
148
193
181
191
220
214
209
201
191
178
191
238
264
261
252
242
235
241
213
173
185
197
168
121
102
82
49
72
95
111
128
148
165
137
127
122
92
110
147
140
166
196
161
154
168
144
140
179
220
256
255
236
215
211
192
168
170
180
185
178
145
125
99
81
99
124
149
160
147
130
123
132
139
98
60
106
130
91
58
46
62
90
106
140
146
148
176
164
140
130
123
103
99
130
153
179
179
157
190
236
203
166
175
196
197
158
121
104
101
109
108
106
149
150
111
127
150
117
107
127
145
149
137
124
79
66
91
89
29
27
109
151
125
125
140
179
204
169
162
175
147
95
85
106
106
86
82
98
103
123
131
90
81
116
110
75
67
93
114
108
99
92
84
101
91
58
95
136
111
85
131
138
93
82
77
82
99
74
22
16
54
63
28
28
71
95
100
60
6
28
37
-5
-37
-33
-26
-37
-36
8
41
39
34
36
61
86
76
27
16
44
75
54
55
82
77
90
78
67
79
65
64
60
76
98
98
99
100
100
98
91
59
45
75
101
72
40
80
140
140
125
146
180
174
136
101
81
89
101
78
86
97
70
71
78
61
67
95
82
64
57
54
52
35
34
58
54
31
29
40
41
30
38
50
65
88
78
90
105
80
76
77
56
51
80
104
76
81
101
88
75
79
92
88
47
18
27
21
-10
-14
-3
17
55
45
34
40
31
32
34
17
6
29
73
78
79
79
75
81
109
122
91
74
71
105
120
82
65
86
143
172
159
116
65
99
133
113
100
96
127
186
222
199
140
123
143
161
172
128
87
81
125
160
119
48
12
59
110
125
95
27
27
84
86
56
18
32
93
144
133
85
52
40
77
107
101
56
41
96
128
119
56
8
43
77
113
94
44
43
79
109
62
4
-15
4
54
64
21
-1
5
47
66
77
42
10
80
135
142
86
37
29
54
94
81
59
46
75
135
135
111
95
69
80
85
82
82
63
59
66
91
74
42
46
48
62
54
8
-20
-13
5
-9
-1
-12
-5
25
34
33
15
36
41
47
79
63
44
57
96
138
119
114
100
110
145
127
104
99
129
137
139
180
155
121
134
153
163
167
165
145
132
157
158
140
122
132
139
137
123
94
69
43
21
20
24
19
29
52
41
22
21
-6
-33
-33
-39
-41
-5
9
-3
20
52
43
45
64
56
44
50
70
62
93
90
59
56
67
58
41
68
84
92
107
125
119
131
145
126
130
146
124
123
160
158
138
144
176
196
167
150
124
120
129
115
78
37
56
65
65
30
-18
0
21
-13
-67
-54
-27
-28
-35
-38
-33
-12
-6
-11
11
59
67
47
61
41
34
78
81
28
11
80
121
96
57
46
68
96
72
0
-8
68
107
79
-11
-65
-31
22
7
-66
-97
-38
-1
-5
-65
-107
-55
-3
14
-9
-18
-18
-1
-9
-49
-88
-86
-38
-69
-71
11
81
61
-2
-36
22
58
-11
-94
-74
45
101
84
0
-75
-16
120
131
1
-50
10
111
121
24
-88
-82
34
80
19
-61
-67
-35
28
14
-82
-139
-59
91
103
19
-29
1
17
25
-17
-69
-67
-35
80
125
104
3
-5
46
43
44
34
-9
-57
6
88
144
43
-23
-23
20
99
75
-6
-99
-63
42
78
9
-59
-90
-9
123
81
-100
-196
-105
-36
-37
-141
-221
-182
-50
81
-43
-206
-200
-63
30
-36
-140
-121
-5
79
56
-53
-73
-67
-8
71
35
-20
-34
26
62
74
70
32
-31
32
90
85
80
8
-50
-47
70
70
-33
-54
-21
20
67
116
38
-78
-28
130
122
33
-44
-41
66
142
98
-47
-61
39
167
186
24
-83
-4
152
142
-29
-111
-5
77
102
58
-84
-120
-69
-12
-59
-131
-134
-116
-31
42
-10
-93
-57
-47
-69
-88
1
17
-103
-152
-138
-18
80
77
-58
-127
24
212
156
-97
-246
-101
115
133
-37
-190
-55
97
117
9
-177
-187
-41
81
19
-100
-96
31
122
77
-73
-115
-15
65
18
-73
-62
8
57
68
67
45
33
63
45
83
123
113
43
-3
133
238
231
94
-25
66
224
206
-6
-89
-13
123
211
120
-27
-16
126
217
114
-22
-33
49
141
112
30
-3
39
73
40
43
18
-26
12
72
79
48
26
38
32
53
67
39
-44
-51
9
6
47
16
-65
-87
-25
94
105
-20
-209
-215
0
123
1
-282
-312
-31
166
53
-277
-427
-223
89
100
-197
-384
-281
1
116
-105
-333
-311
-49
128
-3
-127
-118
-24
99
132
67
4
25
60
70
89
87
122
72
44
95
157
199
102
8
80
200
223
101
63
122
226
270
144
48
60
141
165
80
-18
0
139
208
131
7
-12
91
167
102
-3
-99
-66
81
166
151
57
62
163
214
152
50
49
56
99
170
188
181
127
137
170
200
157
65
6
42
174
85
-117
-176
13
317
246
-148
-413
-270
90
146
-279
-686
-549
-9
244
-142
-696
-701
-198
126
-76
-614
-803
-392
57
61
-330
-536
-317
-28
26
-143
-274
-209
-67
68
42
-2
19
21
60
169
305
298
150
-9
44
280
438
336
61
65
385
603
362
-58
-205
126
511
403
-21
-258
-18
349
375
19
-292
-145
217
304
-20
-294
-177
74
180
72
-115
-80
100
205
115
4
23
138
230
162
128
194
298
383
317
276
330
369
382
337
311
338
349
385
253
3
-69
122
404
296
-82
-338
-249
91
138
-200
-640
-586
-103
141
-232
-865
-971
-487
-76
-201
-706
-966
-708
-368
-315
-625
-822
-602
-318
-251
-383
-483
-422
-269
-173
-208
-204
-102
-60
-54
-24
101
190
92
17
58
232
304
216
90
92
257
333
233
-1
-81
172
347
217
-64
-210
-81
92
86
-79
-222
-85
132
74
-168
-259
-107
59
79
-27
-98
0
122
145
42
42
201
352
354
238
236
336
373
368
412
503
511
371
248
324
558
714
413
-91
-106
414
877
508
-313
-609
-148
547
474
-377
-1064
-750
159
354
-398
-1239
-1200
-397
80
-200
-915
-1138
-642
-185
-219
-658
-815
-531
-265
-161
-278
-331
-261
-216
-111
6
209
293
105
-50
7
358
612
426
198
222
558
689
452
198
197
553
715
490
141
83
399
543
338
31
-19
264
362
143
-115
-148
123
266
127
-122
-169
64
199
154
-29
-52
131
179
135
14
86
396
551
458
220
229
502
629
522
217
204
536
838
711
15
-342
-17
689
1022
327
-544
-748
-150
470
217
-609
-1120
-649
85
37
-789
-1526
-1243
-450
-143
-500
-1166
-1299
-940
-648
-662
-824
-727
-597
-569
-643
-608
-382
-263
-269
-324
-217
172
315
43
-180
-6
421
608
391
71
57
333
504
425
206
316
512
349
17
-184
-26
312
401
94
-247
-308
-95
42
-53
-136
-76
-68
-109
-130
-161
-27
112
83
56
144
337
465
367
250
369
614
772
690
423
391
710
931
864
686
660
958
964
429
-130
-36
845
1515
917
-411
-940
-278
752
785
-334
-1140
-644
359
500
-603
-1619
-1312
-227
388
-30
-952
-1206
-722
-348
-399
-560
-449
-175
-209
-402
-326
-76
83
24
-130
-8
401
471
129
-227
-92
506
776
415
-84
-227
109
408
264
-69
-118
27
91
-157
-484
-402
-89
-11
-249
-641
-690
-401
-314
-462
-636
-556
-282
-234
-507
-653
-452
-130
25
-141
-241
4
267
329
127
6
343
706
698
425
207
292
625
816
844
846
372
-177
-279
169
1029
1037
65
-813
-781
54
457
-283
-1360
-1170
-132
396
-310
-1731
-1987
-1023
-123
7
-766
-1171
-823
-503
-578
-686
-389
43
226
-25
-244
85
433
569
418
329
825
1187
932
398
154
552
1139
1208
777
394
334
405
399
103
5
254
314
-6
-568
-877
-542
-162
-144
-485
-830
-685
-406
-473
-757
-832
-492
2
214
-84
-407
-320
56
447
529
542
604
706
794
771
702
796
1033
1115
1042
985
997
1144
1038
336
-291
-174
740
1519
817
-617
-1454
-917
332
475
-711
-1924
-1497
-321
141
-736
-2025
-1952
-1079
-244
-207
-863
-972
-735
-521
-518
-307
143
377
281
84
262
775
966
729
366
483
1135
1365
996
448
134
445
838
825
471
-10
-99
-81
-191
-381
-422
-367
-385
-595
-971
-1085
-891
-753
-712
-954
-926
-639
-525
-591
-764
-831
-369
79
210
116
-43
30
352
566
732
900
885
832
842
713
812
1026
1095
1003
912
953
1186
1050
-95
-934
-903
436
1723
978
-976
-2328
-1804
-222
258
-1055
-2370
-1854
-562
68
-1100
-2516
-2307
-991
37
49
-792
-913
-504
-380
-327
-47
622
1165
954
409
316
941
1470
1435
875
761
1302
1579
1207
432
-63
200
670
574
175
-516
-795
-855
-1057
-1087
-1073
-939
-1021
-1382
-1686
-1613
-1178
-985
-773
-927
-803
-403
-320
-291
-255
-77
495
760
824
805
797
1010
1234
1287
1279
1547
1688
1529
1305
948
1125
1377
1308
1057
731
804
1010
580
-658
-1658
-1344
140
1387
511
-1629
-2808
-2242
-589
-83
-1115
-1983
-1513
-195
311
-625
-1757
-1469
-339
615
876
536
489
570
306
243
768
1748
2321
1859
980
754
1092
1476
1362
891
727
1140
1195
595
-344
-877
-719
-278
-380
-797
-846
-980
-1067
-1762
-2224
-1573
-666
-86
-713
-1519
-1688
-698
190
146
49
-194
416
845
596
428
470
907
1310
1195
1025
1082
1117
899
663
653
864
1135
668
152
-8
71
364
21
-254
-181
59
-524
-1996
-2714
-1899
330
1235
-77
-2183
-3025
-1735
-354
-408
-1263
-1214
160
1111
594
-1004
-1665
-728
586
1241
1100
937
1085
713
93
-163
570
1704
2088
1385
427
127
264
288
-15
-226
125
573
450
-462
-1461
-1740
-1381
-1057
-912
-797
-531
-454
-998
-1741
-1868
-933
254
670
139
-353
-186
293
655
453
447
970
1364
1288
745
391
626
926
899
732
662
829
873
382
-172
-258
104
464
443
-323
-750
-717
-125
279
-593
-2045
-2818
-1858
141
1249
140
-1851
-2529
-1708
-260
-246
-1019
-1146
-153
864
751
-446
-1201
-780
-17
483
592
834
1238
1109
272
-455
-187
698
1476
1288
714
350
144
-33
-403
-554
-170
319
447
-15
-626
-996
-1251
-1361
-1229
-534
364
571
-240
-1355
-1595
-720
474
829
388
57
163
517
519
205
173
535
960
1058
743
374
154
102
178
447
777
882
684
190
-160
-168
160
366
327
240
313
633
556
-669
-2255
-2817
-1416
1171
1987
519
-1815
-2876
-1929
-975
-1072
-1601
-835
695
1558
580
-1544
-2291
-1731
-516
495
963
1698
2085
1238
-218
-1068
-428
1178
2078
1815
1169
738
410
-91
-846
-1002
-172
727
955
233
-901
-1494
-1742
-1716
-1036
-29
1081
1234
-9
-1302
-1596
-585
492
814
488
468
798
718
179
-738
-764
211
888
1017
512
-82
-205
-285
-426
-148
532
1206
1291
474
-286
-264
265
635
723
727
1171
1271
-675
-2628
-3336
-1177
1975
2280
314
-2255
-2449
-1345
-848
-1762
-2202
-445
1566
2271
299
-1869
-2147
-1286
-389
25
507
1921
2659
1551
-401
-1655
-876
556
1354
1267
1070
943
385
-709
-1841
-1668
-464
520
643
-123
-913
-1292
-1701
-1860
-1229
193
1447
1398
134
-917
-684
269
872
603
208
627
1189
1009
140
-873
-889
-64
464
381
121
-112
-183
-511
-995
-825
63
995
1224
718
71
248
549
929
1017
476
-767
-1966
-2268
-957
1302
1659
335
-1825
-2564
-1644
-954
-1165
-1622
-676
1006
2147
1000
-860
-1578
-1163
-184
343
761
1840
2490
1713
30
-1391
-1065
167
1059
1003
597
462
225
-495
-1621
-1997
-1299
-200
326
-90
-813
-1267
-1563
-1633
-1165
-26
1434
1921
1224
-54
-578
44
980
1423
1232
1251
1369
1216
394
-693
-885
-288
348
512
245
-20
-143
-468
-742
-707
-26
827
1412
1142
762
562
802
1407
1127
-267
-2242
-2884
-1620
1248
2482
1178
-1168
-2656
-1845
-1229
-1478
-2078
-937
1344
2911
1992
-523
-1668
-1538
-592
-97
327
1549
2954
2745
996
-1206
-2076
-1262
-242
697
1153
1297
692
-732
-2364
-2993
-2260
-1104
-157
28
-204
-680
-1457
-2023
-1913
-425
1413
2332
2051
1052
660
834
1021
842
813
1292
1958
2114
1100
-289
-1113
-1031
-322
312
570
670
393
-290
-1089
-1474
-960
214
1187
1456
1150
914
804
971
-336
-2608
-3818
-3083
677
3021
2350
-483
-3027
-3070
-2131
-1832
-2311
-1025
1295
3393
3065
177
-1602
-1556
-720
21
264
1503
3514
3713
1924
-826
-2227
-1695
-693
-106
373
1119
1245
320
-1742
-3344
-3066
-1818
-613
-226
-439
-353
-658
-1278
-1789
-1013
904
2296
2604
1656
1133
1188
1202
926
420
921
1902
2517
1777
89
-1100
-1272
-830
-309
65
655
1094
744
-76
-887
-537
220
1304
1717
1764
2010
1653
521
-2440
-4335
-4315
-1182
2269
2483
622
-2009
-2919
-2935
-3249
-3800
-2475
708
3498
4066
1526
-1058
-1738
-1476
-906
-232
834
2970
3759
2365
48
-1830
-2151
-1810
-1546
-881
413
1322
1029
-763
-2793
-3369
-2690
-1603
-624
128
505
308
-357
-1222
-596
836
1885
2248
1603
1300
1634
1613
835
127
-35
758
1772
1471
364
-616
-1182
-913
-662
-616
120
882
1367
1000
177
-191
325
1037
1530
1934
2474
2191
-345
-3286
-5191
-2938
987
2654
1520
-1207
-2102
-1801
-2215
-3979
-3945
-1016
3158
5472
3400
454
-969
-1398
-1224
-1107
-74
2838
4509
3442
520
-2211
-2859
-2422
-2126
-1794
-721
524
815
-500
-2719
-3557
-3082
-2157
-1292
-716
379
1064
857
-359
-859
47
1457
2428
2180
2037
2251
2337
1492
13
-690
97
1545
1978
1001
-310
-948
-991
-939
-1125
-629
515
1393
1458
980
691
837
1240
1418
1573
2071
952
-1510
-3782
-4627
-1777
947
1429
-107
-1968
-2048
-1581
-2205
-3615
-2514
526
3895
5032
2881
963
148
-516
-751
-640
796
3325
3816
2114
-324
-2003
-2496
-2689
-2871
-2051
-177
699
106
-1627
-2994
-2537
-1732
-1426
-1233
-857
-12
843
696
240
540
912
1224
902
527
1183
2246
2403
1440
29
-738
30
827
1081
799
183
-43
-89
-221
-402
21
585
898
1038
825
1233
1555
2017
1802
1394
-235
-3156
-4504
-4602
-1142
1639
1581
-180
-2429
-2762
-2481
-2578
-3332
-1634
1410
4233
5126
2890
860
25
-761
-1019
-328
1382
4145
4248
1841
-943
-2662
-2789
-2831
-2996
-2177
-276
1032
588
-1206
-2603
-2553
-1574
-1071
-713
-312
615
1329
787
377
113
433
882
658
717
1560
2215
2130
1048
-368
-653
38
724
1165
1159
550
374
-60
-580
-381
97
703
1431
1364
1279
1613
1915
1977
1147
-819
-4001
-5366
-4963
-1620
1816
1801
118
-2476
-3370
-3285
-3117
-3274
-1512
1618
4025
4994
3076
1099
107
-733
-1234
-631
948
3641
4705
2741
-180
-2984
-4306
-4451
-3605
-1645
847
2096
1259
-552
-2141
-2554
-2026
-1436
-727
804
1923
2315
1487
-78
-421
-141
222
126
128
906
1999
2146
915
-415
-1104
-505
461
1081
1463
1800
1808
1183
86
-599
-116
874
1819
2184
2260
2932
2561
1039
-2295
-6185
-6850
-4864
-505
2191
1681
-316
-2219
-3198
-4300
-4750
-4127
-469
3648
5799
5336
2724
567
-775
-1791
-2243
-717
1757
4310
4414
1925
-801
-3287
-4971
-5692
-4668
-1978
1316
2669
1799
62
-1472
-2082
-1942
-1661
-614
1367
2645
3083
2047
444
-471
-1116
-1444
-1191
-168
1317
2368
1885
583
-655
-1230
-696
95
1057
1950
2498
2536
1813
806
81
407
1102
1863
2313
2897
3310
2403
-1112
-6098
-8272
-6782
-1514
2273
2305
548
-1549
-2670
-4279
-5776
-5542
-1345
3624
6532
6286
3479
1466
-139
-1990
-2894
-1622
1514
4741
4964
2511
-366
-2908
-5010
-6185
-5622
-2737
1077
2744
1968
256
-1114
-1667
-1694
-1987
-1196
882
2398
3155
2237
791
319
-362
-1332
-1893
-1529
211
2081
2146
843
-632
-1433
-1039
-209
611
1511
2251
2519
2312
1480
925
1289
1814
2283
2761
2835
2684
778
-3639
-6741
-7137
-3812
403
1359
348
-936
-1538
-2355
-3919
-5418
-3312
1574
5418
6914
5028
2735
1464
-410
-2361
-2768
-1191
2054
3948
2901
728
-1554
-3755
-5580
-6331
-4963
-1490
1592
2832
2154
922
-160
-827
-1129
-1175
162
1724
2931
3021
1799
522
-733
-1666
-2569
-2555
-1151
818
2117
1532
-150
-1371
-1257
-321
711
1490
2149
2728
2818
1945
973
827
1476
2348
2723
2734
2584
1038
-3278
-6961
-8084
-4882
-32
1373
762
-712
-1147
-1721
-3477
-5291
-3674
1139
5214
7138
5200
2841
1512
-326
-2143
-2725
-1298
1715
3659
2776
903
-1113
-3369
-5441
-6363
-5145
-1833
1215
2441
2334
1696
644
-262
-858
-1120
317
1736
2560
2888
1828
851
-199
-1725
-2885
-3061
-2009
99
1672
1437
261
-1090
-1536
-859
-192
766
2011
3192
3723
2932
1469
742
1278
1956
2722
2508
1924
-274
-4369
-6818
-6791
-3085
227
730
-251
-931
-706
-1417
-3094
-4367
-1931
2226
5453
6216
4584
2925
1331
-851
-2769
-2705
-1076
1338
2203
1333
108
-1671
-4077
-6135
-6344
-4285
-986
1296
2125
2219
1904
786
-364
-854
-294
1596
2794
3061
2601
1380
482
-539
-1919
-2863
-2784
-1729
-67
1054
731
-380
-1346
-1566
-942
194
1299
2522
3542
3552
2753
1905
1544
2019
2699
2495
1822
-473
-4365
-6855
-7023
-3838
-189
618
-417
-1437
-1462
-1619
-2476
-3690
-1929
2047
5176
6439
4884
3019
1662
-433
-2437
-2644
-1113
1244
2184
1088
-315
-1719
-3698
-5409
-5917
-4471
-1310
1046
2051
2058
1766
945
129
-442
-340
1214
2357
3110
2927
1925
941
-315
-1481
-2248
-2211
-1556
-435
658
760
39
-906
-1493
-1063
-130
647
1599
2755
3335
3318
2611
1720
2003
2596
2779
1912
-1529
-5235
-6736
-5592
-2045
306
185
-806
-1567
-2117
-2758
-3520
-3052
387
3856
5901
5741
3577
2091
666
-1191
-2126
-1616
38
1861
1757
324
-1053
-2748
-4475
-5380
-4989
-3028
-588
795
1405
1598
1134
486
61
-332
344
1500
2254
2964
2717
1851
775
-739
-1841
-2010
-1491
-486
293
497
103
-622
-1001
-1052
-446
135
499
1331
2123
2865
3153
2891
2743
3105
2860
1533
-1481
-5194
-6133
-4399
-844
1456
910
-664
-1801
-2276
-3107
-3763
-3488
-552
3394
5799
6188
4200
1763
-321
-2267
-2740
-1347
904
2751
2711
1147
-1000
-3172
-5022
-5819
-4830
-2534
-25
1458
1588
952
150
-831
-1202
-1179
-547
1139
2316
2931
2725
1675
651
-384
-1291
-1363
-439
883
1993
1822
231
-1338
-2099
-1942
-847
-308
106
1085
1631
2071
1832
1311
1628
2545
2911
1760
-1675
-5349
-6270
-4355
-571
1518
1270
387
-457
-1272
-2966
-4611
-4090
-298
3971
6566
6532
4130
1693
-895
-3235
-3371
-1591
1016
2862
2320
790
-889
-2995
-4988
-5735
-4500
-1765
998
2244
2287
1686
329
-1090
-1810
-1691
-454
1015
1841
2273
2141
1257
81
-1165
-1927
-1586
-669
799
2218
2659
1542
-241
-1526
-1545
-281
573
1117
1445
1762
1894
1703
1308
1442
1948
1479
-530
-4376
-6480
-5843
-2378
1151
1628
1006
17
-334
-845
-2195
-3414
-1864
1779
5106
7117
6081
3535
927
-2000
-3866
-3130
-996
1740
3016
1739
-160
-2161
-4175
-5357
-5006
-3368
-695
1617
2577
2880
2532
1163
-417
-1729
-1790
-185
1626
2946
3159
2128
675
-880
-2273
-2668
-2224
-555
1724
2989
2858
1378
-525
-1350
-791
-91
993
2030
2674
3207
2738
1795
1489
1373
516
-2464
-6238
-7454
-5217
-929
1098
646
-295
-960
-951
-1785
-2910
-2267
801
3785
5723
6388
5295
3597
839
-2641
-4137
-3118
-821
1611
2007
1078
-405
-3119
-5970
-7069
-5754
-2922
11
1661
2393
2986
2495
888
-495
-1514
-914
567
1570
2942
3311
2250
721
-1330
-2955
-3192
-2634
-1014
1293
2462
2270
822
-1444
-2059
-1072
17
1646
2945
3774
4301
3594
2368
1738
1531
217
-3249
-6378
-6852
-3962
-167
496
-567
-1773
-2146
-1592
-2211
-3190
-1969
1251
4170
6132
6160
4918
3847
1381
-1508
-2459
-1831
296
2040
1647
612
-936
-3490
-5785
-6662
-5930
-3425
-613
1068
2164
2669
1968
1082
-31
-1270
-685
220
1478
3521
3907
3222
1900
-615
-2532
-3197
-3018
-1085
1316
2124
1930
452
-1425
-1597
-1253
-791
828
2551
3787
4496
3817
3233
2983
1672
-1795
-5928
-7470
-5391
-515
1883
1190
-292
-2009
-2557
-3256
-4385
-3611
-27
3694
6040
6467
4989
3608
1573
-1341
-2582
-1840
515
3022
2997
1504
-244
-2767
-5198
-6475
-6063
-3894
-1204
613
1284
1508
1141
469
-24
-864
-885
116
937
2447
3425
2763
1844
278
-1332
-2161
-2339
-1581
190
1549
1470
704
-844
-1653
-907
-654
5
1563
2628
3915
3965
3260
2940
2373
682
-3313
-6191
-6232
-3205
326
823
143
-839
-1563
-2088
-3545
-4635
-3070
599
3945
6202
6339
4606
2629
-61
-2230
-2014
-360
2001
3240
2353
946
-996
-3475
-5243
-5661
-4717
-2805
-746
662
1642
1903
968
-187
-1258
-1571
-639
520
1858
3071
2960
1912
768
-567
-1495
-1772
-1569
-318
915
1254
841
-598
-1630
-1572
-1152
-297
744
1876
2846
3247
3182
2780
2485
1486
-1713
-4798
-5515
-3563
-197
983
208
-794
-1600
-1959
-2596
-3794
-3515
-739
2249
4975
6185
5027
3404
1014
-1541
-2149
-1136
1006
3101
3046
1858
201
-2469
-4804
-5603
-4945
-3108
-1003
350
1295
1763
1194
288
-670
-1384
-728
207
1042
2430
2835
2442
1845
382
-1086
-1970
-2043
-860
640
1492
1485
386
-1206
-1898
-1833
-1425
-244
1209
2457
3373
3485
3058
2609
1836
-1054
-4703
-5891
-4201
-169
2089
1230
-293
-1736
-2471
-2898
-4020
-4360
-1749
1452
3998
5726
4931
3291
1410
-1471
-2690
-1671
635
3395
3857
2392
630
-1617
-4056
-5293
-4986
-3595
-1227
533
1250
1578
985
101
-541
-1065
-736
284
1335
2648
3441
2849
1939
873
-522
-1404
-1572
-832
588
1378
1274
385
-1047
-1704
-1664
-1431
-832
46
1213
2385
2899
2744
2401
2060
366
-3163
-5497
-4957
-1730
1557
1857
636
-650
-1635
-2288
-3505
-4522
-3121
115
3037
5202
5440
3808
1943
-530
-2504
-2308
-476
2399
4182
3548
1852
-322
-2935
-4682
-4885
-4027
-2107
58
1298
1722
1224
32
-789
-1334
-1209
-210
830
2405
3588
3069
2100
1167
20
-999
-1785
-1223
617
1906
2138
1172
-547
-1342
-1460
-1445
-690
355
1442
2255
2459
2326
2206
1993
830
-2343
-5272
-5283
-2729
513
1500
542
-588
-1400
-2231
-3291
-4265
-3598
-795
1820
3949
4999
3937
1968
-271
-2386
-2728
-1253
1171
3208
3208
1857
118
-2087
-3954
-4518
-3978
-2270
-245
1026
1434
1234
510
-284
-999
-1471
-939
114
1403
2575
2668
1990
1601
809
-324
-1328
-1499
-37
1483
1960
1533
484
-616
-1038
-1257
-885
125
1171
2015
2294
2378
2473
2468
2118
237
-3305
-5192
-4330
-1419
1225
1273
166
-601
-1166
-1912
-2946
-4275
-3082
-117
2367
4753
5256
3581
1519
-847
-2767
-2306
-412
1912
3191
2386
1042
-511
-2574
-4129
-4538
-4016
-2332
-339
860
1451
1491
859
-156
-1184
-1593
-964
448
1917
2863
2701
2172
1733
517
-914
-1879
-1352
239
1449
1895
1202
128
-699
-1289
-1390
-844
171
1332
2164
2513
2622
2466
2322
1898
-753
-4090
-5146
-3839
-679
1421
886
-301
-1100
-1843
-2464
-3501
-4133
-2069
675
2933
4972
4820
3051
1090
-1386
-2702
-1555
565
2598
3050
1787
399
-1492
-3920
-4861
-4311
-3032
-1188
-59
191
588
752
243
-228
-1085
-864
470
1293
2488
2959
2216
1714
1084
-308
-1170
-1249
-415
841
1143
811
176
-782
-1388
-1096
-880
-109
1194
1798
2054
2318
2415
2504
2701
2058
-436
-3466
-4547
-3360
-670
838
382
-616
-1520
-1804
-2247
-3336
-3710
-1731
825
3067
4812
4642
3321
1497
-752
-1965
-1108
891
2694
2846
1672
328
-1525
-3673
-4635
-4081
-2864
-1282
-408
-183
430
676
205
-461
-1085
-728
659
1653
2647
3331
2760
2091
1144
-421
-1154
-893
-258
822
1340
844
177
-976
-1959
-1661
-998
-227
1017
1991
2327
2485
2189
2044
2446
2335
993
-1951
-4036
-3913
-2124
-122
57
-793
-1765
-2199
-2434
-2859
-3457
-2704
-369
1651
3699
4783
3990
2411
527
-1077
-781
872
2208
2769
2002
619
-726
-2652
-4074
-4166
-3710
-2685
-1522
-765
63
698
386
-393
-1001
-1031
-36
1415
2531
3301
3174
2336
1542
295
-735
-1023
-1011
-349
525
705
357
-442
-1367
-1686
-1473
-840
334
1330
1929
2352
2191
2191
2379
2342
2207
1621
-691
-3214
-3967
-3236
-943
13
-872
-1806
-2441
-2503
-2311
-2795
-3032
-1160
876
2827
4532
4222
2944
1448
-340
-804
261
1296
2132
1762
501
-348
-1643
-3189
-3756
-3829
-3337
-2011
-868
203
1059
681
-341
-916
-981
136
1677
2314
2760
2608
1802
1349
772
-11
-434
-718
-503
317
649
205
-560
-1438
-1776
-1143
-421
297
1199
1618
1831
2022
1968
2010
2169
2108
1993
1690
-514
-3174
-4289
-3943
-2081
-1115
-1565
-2014
-1798
-1565
-1836
-2907
-3676
-1527
1117
3268
4988
4524
3044
1594
-142
-900
8
902
1462
1181
297
-23
-955
-2710
-3666
-3795
-3236
-1505
-63
514
929
520
-156
-139
21
473
1198
1513
1771
1949
1551
1235
846
-116
-762
-982
-768
-132
118
-328
-820
-922
-775
-192
137
490
1218
1729
2023
2135
2183
2046
1816
1473
1480
1632
1333
-858
-4128
-5197
-4173
-1876
-339
-733
-1619
-1935
-2062
-2138
-2316
-2263
-233
1904
3266
4492
4022
2263
838
-603
-1041
116
855
1216
1030
349
38
-898
-2500
-3184
-2860
-2140
-855
229
717
1189
897
-32
-283
-111
253
937
1347
1588
1898
1616
1025
581
-136
-859
-1039
-869
-222
579
408
-117
-481
-728
-173
468
709
1246
1620
1567
1504
1267
1043
1160
815
718
1225
1265
1216
-700
-3667
-4584
-3730
-1920
-435
-560
-1255
-933
-900
-1065
-1412
-2230
-1167
629
1983
3644
3874
2352
949
-676
-1536
-513
504
1371
1798
1237
612
-323
-1746
-2316
-2053
-1872
-970
8
429
901
553
-451
-876
-1015
-973
-245
352
761
1040
753
663
625
103
-377
-544
-205
793
1474
1229
650
219
93
347
613
742
963
1129
954
561
208
177
371
381
488
900
1394
1648
1626
-161
-2956
-3875
-3231
-1065
1020
978
135
-280
-992
-1741
-2291
-3130
-1869
215
1466
3158
3417
1888
695
-775
-1932
-717
816
2043
3014
2460
1582
490
-1296
-2442
-2427
-2080
-868
654
1028
957
129
-1543
-2426
-2437
-2140
-1268
-300
517
1189
1095
769
529
-59
-429
-112
744
1714
2316
1936
907
270
-23
-196
-177
-2
356
693
667
313
-32
-195
-294
-1
618
1330
1940
1902
1517
1369
788
-1274
-2760
-2438
-1064
630
720
-654
-1458
-1440
-1449
-1159
-1771
-2327
-1031
246
1852
3311
2505
990
308
-432
85
1555
1949
2128
1640
793
616
103
-823
-1149
-1506
-1810
-1009
-306
-82
-154
-1336
-2565
-2473
-1992
-1328
-450
-289
-55
222
314
946
1252
759
368
487
967
1744
1877
1016
297
-125
-151
190
166
19
55
145
299
372
261
309
501
548
769
1350
1646
1377
1063
807
959
1258
211
-1453
-2156
-1746
-701
-110
-652
-1255
-1140
-1055
-822
-1018
-1778
-1418
-432
681
2160
2552
1551
611
-272
-433
531
1137
1182
997
741
650
570
-83
-758
-814
-870
-498
52
141
104
-333
-1059
-1213
-1022
-944
-784
-858
-1055
-1024
-812
-274
203
61
-319
-296
284
1077
1525
1434
1083
821
902
1264
1450
1242
836
495
435
552
575
413
147
-101
-87
269
576
589
187
-186
-247
-21
410
1007
1109
-289
-1798
-2184
-1300
149
636
165
-173
-152
-128
-99
-972
-1794
-1550
-858
423
1300
874
38
-596
-1197
-1046
-152
696
1303
1393
1493
1943
2012
1254
538
87
-220
102
523
635
308
-677
-1785
-2246
-2243
-2352
-2284
-2038
-1690
-1006
-330
242
671
596
254
543
1340
2211
2969
2835
2176
1750
1404
1135
943
403
-22
-48
-100
-71
-103
-472
-925
-981
-852
-422
60
92
99
257
508
919
1049
919
1141
1560
1430
126
-1284
-1689
-1055
-64
50
-314
-527
-592
-735
-914
-1470
-1808
-1181
-185
1222
2202
1988
1299
572
-88
21
723
1037
1188
1029
701
529
90
-505
-826
-1115
-1434
-1147
-572
-301
-220
-405
-584
-517
-567
-589
11
534
583
747
879
971
1061
707
346
669
994
1156
1371
878
410
459
393
406
308
-175
-161
246
376
601
625
93
-330
-477
-363
272
677
430
138
-54
-76
114
122
-77
-87
68
469
1190
1779
1137
-375
-1302
-1165
59
1149
1332
1207
1039
596
177
-286
-1269
-1733
-1454
-641
600
1077
505
-229
-971
-1591
-1241
-397
313
841
1058
1335
1488
1118
441
171
62
179
935
1418
1336
792
17
-472
-679
-955
-1131
-940
-736
-423
-44
149
95
-348
-838
-682
-65
447
923
985
610
395
327
499
778
662
442
344
204
165
141
-233
-534
-443
-232
277
657
388
62
-89
-1
510
881
865
832
667
552
743
763
607
574
586
666
438
-398
-1071
-1046
-680
-332
-322
-603
-595
-532
-466
-403
-828
-1160
-1046
-583
60
507
529
408
140
-292
-170
123
277
444
545
813
1075
908
544
430
320
241
431
544
616
538
117
-156
-286
-459
-425
-441
-437
-228
-34
-101
-244
-361
-483
-340
-189
56
413
467
299
112
118
326
616
624
525
547
589
820
954
849
705
614
634
746
910
877
719
390
20
-23
47
168
273
184
102
104
128
135
233
400
596
818
863
897
943
676
299
-9
-179
-52
127
255
314
125
-266
-542
-634
-940
-1171
-1051
-657
-156
78
114
-10
-249
-451
-341
53
364
683
978
1196
1234
968
567
408
437
544
939
1194
1061
732
335
104
-6
-42
-58
-30
-102
-102
207
480
512
221
-82
-191
7
281
487
606
454
322
300
384
292
104
-24
-69
182
355
514
482
201
90
204
492
689
829
881
823
679
539
628
671
567
309
144
218
255
218
56
-140
-190
-11
239
461
628
654
695
744
893
1184
1295
1054
676
505
509
521
331
25
-196
-365
-511
-508
-530
-796
-1011
-948
-601
-211
-95
-137
-142
-66
181
574
747
659
560
594
767
839
789
713
632
522
486
572
501
298
97
80
203
213
153
85
85
-70
-211
-30
301
538
553
498
494
570
577
526
479
442
567
638
544
396
385
449
392
267
198
320
422
477
497
537
597
504
469
656
844
917
860
626
438
307
209
277
290
193
159
106
101
324
523
522
459
335
399
687
782
782
807
777
808
864
937
994
1030
967
879
883
733
615
415
270
258
232
199
147
231
110
-26
-259
-408
-340
-232
11
-32
-29
30
232
315
254
381
407
476
421
490
600
604
556
430
442
372
234
39
40
188
274
284
111
-80
-307
-298
-132
35
114
101
194
203
201
227
296
377
398
410
462
634
745
723
519
282
192
217
289
350
414
397
398
421
382
316
374
451
528
644
704
738
642
572
610
639
517
519
529
363
359
310
347
349
385
497
550
521
417
429
299
367
567
655
757
598
436
195
196
249
226
225
170
221
90
115
134
24
-84
-100
11
-1
192
212
74
23
190
520
506
479
380
275
127
114
178
112
194
187
83
-69
53
142
71
104
251
440
481
525
597
547
578
695
731
688
806
831
689
587
526
496
291
45
34
144
346
450
427
303
322
416
383
620
779
803
873
954
914
685
661
548
576
561
550
639
304
150
189
133
27
201
177
80
378
467
529
498
386
391
511
717
988
892
506
463
413
31
91
212
33
-49
126
169
-73
-321
-332
-293
-426
-339
53
119
65
136
389
354
369
322
248
310
369
441
277
513
249
27
-89
-183
-72
-142
28
169
228
-148
24
190
12
98
132
288
539
835
782
760
543
350
452
308
359
504
482
449
566
362
189
227
87
36
240
429
560
527
531
720
676
507
445
484
438
610
751
660
590
448
477
241
210
228
285
151
138
444
458
336
241
270
438
560
488
464
249
209
343
366
180
262
406
268
292
232
190
90
106
291
372
231
281
491
333
154
368
370
356
500
494
335
130
186
314
189
-39
83
327
165
298
237
38
137
273
342
135
177
402
521
248
221
412
277
35
345
394
140
115
434
360
58
278
483
519
30
301
792
450
88
357
710
327
293
215
155
51
91
174
-34
-37
183
368
154
282
328
219
172
457
603
332
626
610
221
160
661
712
267
122
404
506
263
154
260
-23
50
494
510
287
75
283
383
405
325
270
247
274
434
317
475
345
166
149
379
307
-16
-51
170
512
214
294
145
-138
-217
92
593
129
75
48
708
519
198
426
210
68
103
640
527
205
96
316
281
-302
-8
291
27
-129
131
257
118
161
243
231
99
245
478
575
614
690
676
401
349
416
247
159
372
280
322
485
167
-12
-194
-100
318
187
82
385
329
250
191
208
376
196
89
349
278
117
375
245
29
-146
-131
467
197
-168
247
237
-104
92
148
67
86
56
494
432
158
320
320
-176
-105
328
296
-61
-7
215
212
71
26
-9
-91
-283
258
467
60
157
248
123
151
217
505
312
97
289
231
82
352
289
67
133
63
278
277
67
182
7
-30
452
370
45
405
210
162
331
277
251
116
131
118
-2
13
375
33
-199
-44
172
11
-88
122
-106
-188
-13
390
198
113
244
362
198
81
387
318
125
4
109
169
220
159
-31
138
8
-129
-48
-3
0
170
97
196
187
13
299
486
25
67
213
303
478
205
-18
218
163
298
367
141
94
68
16
310
147
-21
210
205
414
340
166
293
216
104
276
-9
125
170
-37
62
154
250
48
5
38
111
-50
132
439
304
76
192
564
287
58
196
528
178
-19
222
266
-47
-269
57
181
-65
-247
207
91
-154
-145
-12
89
-29
209
545
340
-36
127
216
194
98
-1
189
89
268
325
210
141
124
-105
26
240
84
184
163
375
224
108
180
165
64
0
218
191
108
-80
258
-3
-28
62
-56
278
38
15
183
-30
12
228
101
176
290
176
276
197
21
311
33
78
198
55
104
-60
-83
-140
-54
-97
211
6
-255
-67
-78
-131
-95
102
64
224
46
150
300
-27
68
142
185
163
200
151
178
278
5
155
87
-50
-52
140
90
82
107
-86
168
171
-12
-44
127
-19
122
166
46
305
-114
-52
186
148
-131
170
263
208
186
45
164
35
-89
123
277
49
14
203
61
-58
15
-45
35
-139
-53
-1
-67
196
12
-78
-51
117
90
129
292
63
324
-126
278
161
-115
69
132
151
-161
131
-47
-29
-262
-153
78
-82
-51
12
246
-98
22
62
129
9
157
198
107
344
0
137
-17
-16
-198
30
118
-55
-35
76
96
-87
35
-50
322
-70
-73
474
232
-136
306
253
-217
265
88
330
123
-115
186
153
-346
-10
265
-225
23
87
245
124
43
89
113
11
40
297
153
200
94
146
24
-83
69
-23
183
85
-97
51
171
-19
5
-3
77
118
15
182
416
-1
-191
245
132
46
147
50
-74
-134
75
107
101
-188
-2
66
-45
-28
124
90
-24
285
170
86
232
245
-75
144
232
-20
181
110
174
20
-44
-183
49
-110
-54
96
-117
-121
-42
181
-98
110
54
-64
-14
374
193
-28
349
-125
-4
242
168
126
112
-153
50
211
-241
49
180
-290
26
186
-24
1
91
-216
-114
198
-54
21
96
63
8
356
132
31
68
26
49
217
53
49
468
-52
-44
317
-192
-120
309
-109
20
246
-69
48
188
-346
144
156
-149
286
-29
-123
46
-19
-20
131
-95
-20
316
-216
123
-43
13
-109
-69
66
-66
102
-34
108
-274
95
112
-117
-54
-199
90
-212
153
98
-110
-131
33
-62
-258
143
-146
-198
35
-165
-4
-94
-172
-25
-127
-330
172
-161
-272
294
-48
-159
209
88
-245
185
-224
113
47
-35
131
-38
-11
-158
-15
-259
187
-60
-45
-51
22
-28
-188
189
-105
-136
203
252
-255
121
62
-189
71
-83
-83
-22
-85
-242
206
-91
-148
267
-239
-178
193
-11
-151
220
-42
58
296
-278
59
31
-254
-1
225
-439
-60
171
-507
-166
-30
-255
-238
158
-235
-113
39
-203
150
-11
-231
147
266
-544
341
278
-405
-105
277
-341
-243
276
-514
-42
-145
-138
68
81
-229
-186
198
-396
233
198
-246
202
228
-166
-81
409
-368
-221
200
-184
-147
46
-54
-151
140
-443
93
110
-356
-177
221
-182
-65
421
-239
99
-34
-154
56
106
-150
99
224
-333
230
-120
-400
-1
160
-336
27
194
-346
60
-315
-43
16
-193
-140
162
-36
-422
399
-233
1
-93
-170
113
-61
-89
-213
347
-457
-184
166
-202
-293
22
-81
-336
14
-167
-192
-165
-98
-177
-156
-35
147
-261
-124
116
-320
14
78
-103
-273
102
-218
-256
74
-215
-251
-71
71
-120
-450
-12
6
-350
-230
166
-5
-416
137
-124
-99
-163
111
181
-371
38
-86
-4
-198
-94
-149
-178
44
-244
-55
-352
-42
-115
-268
8
-287
1
-94
-37
-7
-11
-146
-37
81
-374
268
-101
-36
-58
-159
-68
-172
-208
-223
29
-531
138
23
-306
-151
-106
-270
-313
34
-203
75
-303
-55
110
-258
-64
27
-76
-362
43
-276
95
-175
-228
25
-379
-72
-220
-126
-513
176
-356
-27
142
-377
-77
-150
169
-276
103
-32
-109
49
-36
75
-280
-1
-317
-8
-146
-115
-6
-185
-135
-102
43
-371
-23
-134
-85
-43
273
-154
-116
264
-363
130
105
-92
57
295
-361
177
65
-531
210
-75
-372
108
296
-508
-40
79
-381
-120
-17
65
-93
-98
124
68
-112
-128
262
-210
2
-11
-11
-54
-149
13
-91
-172
0
-35
-252
82
147
-330
179
155
-209
114
232
-113
34
95
-16
104
20
-65
173
-190
-27
304
-266
-24
106
-52
-163
266
-81
50
3
-167
366
-145
-167
247
10
-371
-8
291
-279
9
-44
-1
-101
-230
112
-145
-196
-139
279
-234
-230
346
-410
-158
85
72
-453
145
329
-514
-4
131
-111
-437
61
-62
-271
-28
-194
148
-306
-102
175
-143
-376
275
21
-400
263
72
-331
221
191
-227
33
-128
-5
25
-210
-206
143
-227
-287
234
-270
-33
-312
28
-51
-79
-82
202
9
-272
106
-19
-2
-92
-38
53
-59
-113
197
-161
-190
41
-241
-152
7
13
-311
128
23
-65
37
18
214
-300
56
139
60
-65
230
98
-204
7
-17
-100
-293
30
-72
-92
-75
224
-118
-108
-9
69
-16
-183
536
74
-32
236
140
-87
24
216
-202
96
-8
91
-5
-130
23
-209
-187
30
-27
-183
326
-44
-47
241
-39
77
140
2
31
404
-148
29
198
-284
-110
33
-133
-79
-84
-96
-100
7
-280
-10
-10
-211
84
19
53
-70
228
-105
119
16
-3
36
-27
79
-92
145
-180
40
-67
-87
-48
28
-12
-192
301
-254
100
202
-137
-109
197
1
-240
269
-85
103
-101
71
32
-149
-204
82
-62
-100
-67
21
82
-229
-60
29
37
-349
237
109
-153
48
-55
134
-333
157
-36
-38
-121
122
24
-395
265
-173
14
-149
379
-96
-166
281
-55
62
-230
305
-66
-18
-210
301
-3
-513
272
84
-311
0
463
-230
-86
288
-8
94
-50
136
126
-74
189
253
-1
-97
221
-66
-160
207
-20
-40
86
-93
-15
17
31
-64
122
-11
-35
439
-132
21
293
-37
-109
290
74
-233
161
-135
-115
-45
-145
72
45
-293
130
24
-302
172
-1
-102
23
225
-95
338
-50
49
208
-52
38
96
20
-96
-21
-110
10
-164
-274
52
-59
-419
227
81
-220
-52
253
-27
-22
255
-14
118
-174
150
120
-166
-40
186
-201
-126
190
-339
-89
70
-149
-193
272
-102
-132
246
-124
-69
45
164
91
215
-150
221
79
-385
196
15
-305
42
371
-167
29
45
-132
8
-225
150
286
-182
131
422
-189
-227
480
-216
-330
380
122
-230
310
36
-291
-82
-25
-173
73
-62
212
91
-48
122
-2
-142
35
276
-164
228
275
-22
80
119
-144
-192
298
-156
4
209
-51
-83
69
-10
-116
45
71
53
-89
161
32
-39
9
49
-152
59
140
-55
32
-11
-22
-25
104
-210
174
-69
-68
223
92
-115
93
173
-238
244
-88
-14
254
-226
90
196
-33
-122
344
-170
-136
268
-96
6
84
133
-23
329
50
-53
170
-60
212
67
69
182
103
-72
341
14
-30
112
154
1
226
-84
129
169
-439
392
19
46
-13
473
-50
-205
444
-70
31
-169
445
64
-119
380
138
-74
-229
476
-31
-256
295
359
-206
-48
369
-32
-456
268
276
-357
126
326
40
-263
213
102
-182
89
225
76
-81
233
8
-53
49
30
202
-21
14
302
-32
-61
320
-125
-160
440
-97
23
369
-89
26
133
162
-176
262
-160
195
93
-14
212
-54
-25
97
109
-66
104
176
-201
161
14
32
-102
87
94
-200
214
79
-115
-60
228
-288
111
281
-232
117
11
-45
-148
86
-19
-124
-164
111
7
-390
287
-166
-253
143
-82
98
-36
122
-119
307
-199
57
307
-225
130
-70
239
-235
59
56
-55
-139
28
48
-139
57
-177
122
15
-199
68
298
-405
176
282
-266
148
213
-225
77
202
-374
171
151
-364
192
-45
-89
-61
22
-99
141
-89
-41
394
-225
80
252
-5
-131
208
-7
-119
195
-100
69
-40
-49
24
50
-229
216
37
-340
360
-10
-114
71
238
-155
56
142
24
81
-41
132
-18
-141
188
-100
-121
-46
32
-198
-120
203
-280
-197
87
45
-321
12
337
-367
-89
264
1
-78
-20
297
-249
-166
191
8
-217
-98
265
-274
-70
188
-142
-50
-128
153
-133
34
177
-158
149
-38
15
-153
235
-243
-102
141
-133
7
-51
-134
-48
-35
-223
190
0
-290
40
46
-145
-166
150
-64
-91
-10
48
63
-305
18
-21
-192
-117
20
-39
-171
-37
-174
23
-154
-286
234
-278
-90
52
-31
-173
21
-140
-8
108
-307
264
22
-302
38
283
-558
24
191
-338
-39
46
-4
-261
44
-83
-48
-36
-87
149
-80
-8
2
-26
99
-312
101
83
-183
12
127
49
-236
160
-44
-36
-4
-13
97
-136
-66
120
-221
55
-60
11
-136
115
-16
-99
78
-156
172
-254
255
19
-93
23
158
-168
-82
236
-225
129
107
-5
43
118
-70
62
215
-187
253
205
-160
222
93
-118
86
152
-89
116
118
-25
131
-72
0
21
-130
100
-5
4
-39
91
-40
-165
133
17
-177
207
109
-155
121
52
-91
-110
43
-64
-47
-100
20
-25
-272
150
-99
-144
8
128
-131
8
161
-84
-139
199
-81
-181
234
-100
62
-102
175
-56
32
2
-115
244
-230
247
-46
148
-168
158
254
-230
290
-86
134
-69
211
-47
69
124
-56
130
-157
233
-88
-37
101
92
-100
80
286
-209
-7
6
129
-70
-21
219
-44
16
41
-14
-10
-163
114
-48
111
-2
1
148
-119
40
-242
235
-50
63
59
85
188
-153
187
-22
-18
-169
379
-159
34
199
-231
132
-143
3
-277
221
-238
101
21
-247
178
-133
-57
-97
214
-310
187
87
-210
150
-65
31
7
-31
-152
182
-80
1
35
-36
-1
-32
76
-126
98
-94
96
-26
92
-152
183
13
-27
-85
10
115
-167
184
-100
104
-85
114
25
-128
-48
128
-89
100
61
-107
91
30
-63
-72
-30
-137
199
-249
81
121
-355
109
-163
-86
-222
106
86
-101
18
-61
59
-158
9
-170
17
44
-62
222
-169
-24
-52
-173
63
-72
-131
137
98
-91
-9
42
-49
-88
-49
119
-39
131
108
32
66
-237
114
27
-87
-56
144
-61
32
46
-42
-58
-47
72
-78
-108
225
-169
99
18
-127
68
-126
209
-166
18
16
59
77
-41
72
-144
140
-90
26
18
-9
-28
82
13
-117
41
-19
-81
-48
87
-108
255
-142
111
-7
-176
139
-92
-131
101
-7
4
130
5
-50
18
-24
3
-1
-117
216
-143
184
-134
-84
101
-119
12
-84
83
-138
191
-195
202
-370
153
-20
-248
314
-296
193
-49
74
-192
63
7
-205
163
-258
215
-143
40
9
-167
69
-227
256
-350
82
61
-180
143
-117
-53
-98
199
-269
163
-113
-5
138
-267
247
-50
-102
212
-27
-94
33
102
-64
133
-181
144
-40
49
110
-117
148
-118
169
50
-28
-10
141
-140
66
57
-129
302
-227
243
87
-186
289
-22
-118
113
-40
10
256
-158
-37
244
-220
108
107
-32
-57
191
-50
65
173
-193
265
-50
29
56
201
-55
-8
243
-220
199
-31
44
27
-22
117
-99
227
-120
22
180
-123
109
149
-130
157
-20
89
-47
42
68
5
150
-75
344
-168
242
68
-6
144
-42
290
22
55
90
90
3
50
193
-104
105
73
10
160
-49
74
9
-59
73
12
76
48
30
-37
101
19
-41
78
-131
84
30
92
115
12
-45
153
-57
39
-10
19
-59
86
83
-95
150
-104
116
-201
156
-46
-132
151
-142
79
-88
10
194
-212
63
43
16
-68
100
-15
-76
87
-163
210
-261
134
114
-134
84
65
-65
-10
135
-377
262
-243
96
116
-182
100
66
-15
-192
336
-456
74
156
-262
320
-163
135
-10
0
-49
9
-76
-139
193
-266
148
-14
14
-135
77
-122
12
134
-49
34
28
27
-132
205
-232
-37
189
-197
158
159
-176
141
168
-256
76
157
-335
241
-45
-115
131
-39
2
-54
75
-233
214
-5
-204
306
-226
104
-13
4
-86
52
22
-58
169
-182
284
-85
19
-1
33
2
-28
226
-103
55
174
7
60
101
-158
105
103
-140
326
68
-143
431
-81
-1
227
-7
-171
415
-56
48
462
-272
281
24
-46
171
-17
95
48
292
-147
265
5
-45
66
12
-58
94
131
-103
213
1
-61
193
-38
-189
257
-29
-42
434
-277
226
155
-19
75
142
-139
145
251
-177
356
-103
109
200
-32
24
76
48
-24
116
-42
54
-22
207
-75
-26
111
3
124
-46
180
-126
44
94
-181
40
19
17
85
105
-116
189
67
-110
159
-140
-105
385
-242
134
73
-196
250
-4
2
-43
93
2
229
46
63
102
-56
152
-184
176
-150
35
203
-194
174
137
-142
72
165
-293
379
-147
52
220
-216
212
152
-119
50
126
-115
259
109
-66
293
-52
201
103
70
-161
233
-8
121
192
9
77
65
193
-172
191
-82
45
265
-12
108
221
-101
257
24
20
60
60
91
68
111
-86
310
-232
251
-53
-64
280
-129
153
29
84
94
103
-130
208
-70
93
260
-107
49
208
76
-53
213
-188
150
45
78
157
-189
152
115
-33
72
69
-27
138
80
105
-48
78
107
19
37
13
90
7
154
121
-62
159
110
48
7
155
-16
124
110
-39
157
-89
183
78
-117
99
109
14
156
-1
14
93
29
183
-73
-38
144
20
82
124
-14
31
171
29
45
91
-80
286
-12
94
104
-5
124
24
90
-150
210
-48
88
114
-63
107
63
76
-83
188
-167
260
77
-122
136
41
24
87
-16
-44
38
93
62
-53
65
15
61
156
-113
50
133
-11
116
21
-76
94
71
-76
156
-108
45
205
-157
80
78
-182
225
-80
-44
106
71
-45
229
-175
-15
258
-158
105
136
-159
69
289
-263
185
162
-154
291
160
-170
210
135
-158
312
-51
-141
444
-275
109
234
-159
23
312
-276
36
405
-449
389
60
-250
331
-30
-32
121
37
-118
304
-125
85
102
-167
259
-118
127
6
62
44
154
-19
92
135
-95
346
-140
71
227
-25
93
131
69
-166
392
-126
-19
268
-101
147
41
219
-236
352
-55
-64
326
-260
312
-61
78
12
75
76
5
148
-118
187
8
38
169
-111
109
19
135
-91
219
-34
-63
307
-151
16
159
-179
114
63
-174
207
-92
-126
232
-101
-141
262
-132
-44
187
-116
134
-34
14
-20
1
-1
84
-70
63
-22
-21
107
-110
128
-96
19
46
-56
16
81
-8
-15
146
-192
164
109
-160
189
-19
-12
22
84
-142
26
37
-163
221
-140
-10
51
-145
-6
-12
-103
-52
111
-225
36
108
-185
99
-5
20
-28
48
66
-78
33
-43
74
18
50
9
57
-98
78
132
-135
161
31
-3
7
34
-85
-8
-42
-21
53
-32
8
-5
61
-89
19
97
-116
4
199
-130
17
200
-196
102
86
-67
113
30
55
79
107
-112
257
-96
30
154
-77
73
85
109
-19
212
-40
120
88
36
112
126
-30
287
-61
81
160
-118
144
-70
40
44
4
62
86
14
61
31
38
88
10
10
183
-128
164
41
-83
133
-50
27
120
-53
33
115
-99
155
-20
-1
57
-42
-22
142
-116
25
152
-216
152
45
-88
6
-4
-91
-46
53
-159
71
-25
-68
81
11
-78
156
65
-54
90
155
-143
118
100
-133
51
129
-52
23
249
-212
259
37
-127
218
-73
-24
155
10
-96
270
-81
-25
107
-134
45
-43
35
-27
13
-32
85
-49
26
24
-80
76
-25
87
-7
-3
6
-11
-5
-7
16
-38
38
37
3
35
7
9
-38
30
-38
-7
100
-55
93
17
-13
51
-108
-42
-11
-38
-102
98
-81
-45
90
-59
-71
20
-71
-60
123
-95
29
72
-73
53
112
-164
52
97
-177
141
-1
-81
108
-46
-36
11
-7
-106
131
-55
-8
128
-35
42
16
20
-78
88
-39
-40
89
-81
8
94
-33
3
109
-31
61
132
-87
108
110
-78
105
49
-75
53
68
-103
134
-33
8
105
-11
31
59
63
4
148
17
95
126
14
61
-4
29
19
52
34
33
48
50
28
69
38
18
59
24
42
44
34
42
5
-1
41
-31
57
9
13
29
23
16
66
-80
24
59
-86
114
10
-56
130
12
-8
120
-28
-20
124
-37
3
139
-59
33
175
-73
51
109
-39
71
-3
-33
74
12
0
91
20
-73
132
-40
-20
106
-87
86
-37
8
41
-46
29
20
37
23
106
50
81
71
56
62
16
86
-9
50
139
-2
105
100
-128
159
-41
-58
127
-68
36
51
0
-15
77
-106
13
12
-138
103
-88
2
57
-29
24
37
22
-28
18
-52
40
-9
-1
26
53
-40
29
44
-88
28
16
-36
-1
68
-13
32
88
-105
57
16
-14
96
65
-53
78
65
-139
170
-15
-38
181
14
20
157
16
-37
181
-146
111
12
-102
120
-23
-29
91
-20
-114
60
-113
-64
72
-106
58
24
-48
54
1
-25
34
9
-22
29
29
-20
33
-23
-50
0
-25
-45
-10
-8
-63
4
4
-13
-31
-26
-42
-88
32
-51
-19
29
-23
45
-27
0
-17
20
-54
18
2
-44
52
-51
-20
-63
-6
-79
-55
-74
-20
-41
1
4
-17
12
-56
28
-83
-79
-32
-55
-76
-12
-44
-99
35
-101
-34
14
-129
78
21
-85
55
-16
-94
-9
-12
-113
30
-24
-26
37
-50
-36
-14
-55
-87
31
-33
-47
63
4
4
57
53
42
26
71
64
71
135
54
90
82
51
36
48
0
28
118
-29
126
53
-17
76
14
-51
9
-15
-86
10
-68
-36
-39
-72
5
-100
-73
-60
-87
-24
-22
-40
-29
-39
-66
5
-68
-15
33
-69
5
-14
-54
-43
-8
-44
-52
31
-54
5
-8
-74
-39
-39
-38
-56
-24
-90
-7
-41
-35
10
-29
-19
19
-29
-47
11
-65
-42
40
10
-24
66
-4
-33
60
8
9
52
-19
17
24
-56
3
7
-95
-34
9
-102
-16
-3
-93
-73
-31
-76
-99
1
-76
-52
18
-23
-19
-9
-33
-44
10
-56
0
20
-67
-4
32
-57
-18
34
-34
-9
72
10
18
99
-9
11
34
-57
42
-4
-11
-21
49
-39
47
39
-101
68
-41
-48
50
48
-12
52
57
-39
42
-58
-26
42
-21
34
33
7
14
47
-4
34
41
-4
88
63
63
63
52
-3
6
-4
-27
-28
-6
-20
-35
24
-43
24
-71
-46
-31
-69
-7
-22
2
-17
67
-45
5
0
-72
26
-59
12
-27
6
13
-2
13
-48
-4
-37
-26
-15
-4
39
-20
61
-37
-55
-13
-53
-19
4
-11
55
35
35
55
8
5
-9
67
-10
94
60
77
73
69
70
-3
74
-5
38
57
61
102
62
50
59
8
-16
11
12
-23
9
9
-29
-45
-36
-67
-79
-64
-57
-63
-49
-68
-42
-72
-120
-74
-117
-159
-31
-58
-85
-15
-47
-78
-48
-59
-81
-51
-92
-41
-15
-75
-36
-37
-113
-99
-23
-127
-62
-9
-84
-30
-37
-85
-68
-65
-95
-36
-61
-47
20
-42
2
5
-41
-17
-40
-44
-59
-60
-47
-25
-54
-73
-67
-119
-82
-62
-65
-51
-36
-61
-58
-28
-99
-26
-30
-73
-8
-45
-76
-20
-37
-130
-39
-68
-103
-62
-90
-80
-31
-53
-41
-3
-52
-43
-3
-54
-58
12
-36
-34
22
-66
-14
-7
-58
-28
-1
-73
-23
18
-63
-14
-16
-55
-15
-16
-37
3
30
-40
20
16
-56
5
-17
-90
15
-40
-70
56
-46
-17
29
-35
-34
2
-69
-65
-14
-74
-14
-1
-30
17
-18
-9
-2
-18
-24
5
10
-35
12
-45
-64
-32
-61
-80
-45
-80
-65
-70
-92
-85
-75
-86
-58
-56
-57
-58
-33
-58
-22
-11
-24
-18
27
1
-20
55
-31
20
1
-39
-21
-39
-43
-41
-43
-78
-21
-55
-47
-31
-39
-33
-43
-23
-88
-67
-67
-58
-43
-37
-33
-13
-20
-29
5
-28
-20
26
-9
4
26
-25
-20
-26
-31
-53
-1
-50
-58
-16
-56
-29
-25
-31
1
-20
-41
9
-7
-56
12
-28
-37
-9
-22
-11
-33
0
13
19
36
55
23
36
26
32
18
26
50
29
21
19
-1
-14
6
-7
3
1
-4
14
-3
2
23
5
27
32
50
45
33
54
26
57
51
42
23
43
31
20
64
52
55
42
41
41
25
27
13
30
15
21
42
14
43
46
7
31
31
14
57
53
54
76
76
66
70
67
65
79
42
60
44
37
36
19
40
23
60
60
73
54
49
26
16
21
30
12
21
75
37
84
72
88
78
97
69
56
85
41
97
66
88
81
85
71
77
89
58
76
57
70
91
102
79
86
80
44
34
36
25
41
49
53
68
47
54
60
33
1
55
2
8
16
-12
10
-6
2
7
22
1
22
24
16
30
23
10
43
29
5
35
27
7
44
55
36
84
33
29
36
8
38
16
13
10
-6
-23
-10
-16
-32
-23
-23
-8
-27
6
4
-5
11
-6
11
14
1
-8
-10
-34
-23
-8
-32
12
4
6
14
-4
3
2
23
18
34
40
35
43
26
33
28
13
13
35
19
6
39
-2
8
11
-11
3
